#Insight Transform File V1.0
#Transform 0
Transform: AffineTransform_float_3_3
Parameters: 1 -0.000401239 -0.000237597 0.000401762 1 -0.0010041 0.000237403 0.0010039 0.999999 -0.152548 -0.651575 0.397436
FixedParameters: 0 0 0

#Transform 1
Transform: AffineTransform_float_3_3
Parameters: 1 -0.000889883 0.000574636 0.000889118 0.999999 0.00153351 -0.000576364 -0.00153349 0.999998 -0.167019 -0.183334 -0.274204
FixedParameters: 0 0 0

#Transform 2
Transform: AffineTransform_float_3_3
Parameters: 1 7.9e-05 3.7999e-08 -7.9e-05 1 0.000481 3.7999e-08 -0.000481 1 0.0715963 0.255658 -0.2243
FixedParameters: 0 0 0

#Transform 3
Transform: AffineTransform_float_3_3
Parameters: 0.999999 -0.000567 0.000756251 0.000566 0.999999 0.00132243 -0.000756748 -0.00132157 0.999999 -0.0186562 -0.187148 -0.132869
FixedParameters: 0 0 0

#Transform 4
Transform: AffineTransform_float_3_3
Parameters: 1 -0.000225654 0.000531723 0.000224347 0.999999 0.00122912 -0.000531276 -0.00122888 0.999999 0.0689481 0.221374 -0.327836
FixedParameters: 0 0 0

#Transform 5
Transform: AffineTransform_float_3_3
Parameters: 1 -0.000225498 0.000472763 0.000224502 1 0.00105211 -0.000473237 -0.00105189 1 0.0599628 0.0257547 -0.230297
FixedParameters: 0 0 0

#Transform 6
Transform: AffineTransform_float_3_3
Parameters: 0.999999 -0.000225924 0.000891766 0.000225077 1 0.0010362 -0.000891233 -0.0010358 0.999999 0.148747 0.0735173 -0.134171
FixedParameters: 0 0 0

#Transform 7
Transform: AffineTransform_float_3_3
Parameters: 1 -0.000225 -2.16225e-07 0.000225 0.999999 0.000960999 -2.16225e-07 -0.000960999 0.999999 -0.0643734 0.0428499 -0.353325
FixedParameters: 0 0 0

#Transform 8
Transform: AffineTransform_float_3_3
Parameters: 1 -0.000225707 0.000615741 0.000224293 1 0.00114814 -0.000616258 -0.00114786 0.999999 0.0775827 0.0363899 -0.221897
FixedParameters: 0 0 0

#Transform 9
Transform: AffineTransform_float_3_3
Parameters: 1 -0.000151 -7.4896e-08 0.000151 1 0.000496 -7.4896e-08 -0.000496 1 -0.0268513 0.0753746 -0.216952
FixedParameters: 0 0 0

#Transform 10
Transform: AffineTransform_float_3_3
Parameters: 1 -0.000225104 0.000114796 0.000224895 0.999999 0.000907025 -0.000115204 -0.000906973 0.999999 -0.0259802 -0.0529977 -0.267041
FixedParameters: 0 0 0

#Transform 11
Transform: AffineTransform_float_3_3
Parameters: 1 -3.4e-05 -2.2202e-08 3.4e-05 1 0.000653 -2.2202e-08 -0.000653 1 0.0276155 -0.0237816 -0.224893
FixedParameters: 0 0 0

#Transform 12
Transform: AffineTransform_float_3_3
Parameters: 1 0.000144135 -0.000415608 -0.000142864 0.999997 0.00272906 0.000416391 -0.00272894 0.999996 -0.0215999 0.54158 -1.15736
FixedParameters: 0 0 0

#Transform 13
Transform: AffineTransform_float_3_3
Parameters: 1 3.5e-05 6.72e-09 -3.5e-05 1 0.000192 6.72e-09 -0.000192 1 0.0415352 0.137563 -0.0716989
FixedParameters: 0 0 0

#Transform 14
Transform: AffineTransform_float_3_3
Parameters: 1 -7.3e-05 -8.01541e-08 7.3e-05 1 0.001098 -8.01541e-08 -0.001098 1 0.00738986 -0.07832 -0.330522
FixedParameters: 0 0 0

#Transform 15
Transform: AffineTransform_float_3_3
Parameters: 1 -1.23879e-05 -0.000485016 1.26121e-05 0.999999 0.00126199 0.000484984 -0.00126201 0.999999 -0.0903291 0.129063 -0.548085
FixedParameters: 0 0 0

#Transform 16
Transform: AffineTransform_float_3_3
Parameters: 1 -1.29323e-05 -7.50117e-05 1.30677e-05 0.999999 0.000902998 7.49882e-05 -0.000903 0.999999 0.00047689 0.0547733 -0.283345
FixedParameters: 0 0 0

#Transform 17
Transform: AffineTransform_float_3_3
Parameters: 1 -1.27126e-05 -0.00036201 1.22874e-05 0.999999 0.000793995 0.00036199 -0.000794004 0.999999 -0.0801117 0.074636 -0.371744
FixedParameters: 0 0 0

#Transform 18
Transform: AffineTransform_float_3_3
Parameters: 1 -1.3e-05 2.002e-09 1.3e-05 1 -0.000154 2.002e-09 0.000154 1 0.0165526 -0.00742891 0.0401359
FixedParameters: 0 0 0

#Transform 19
Transform: AffineTransform_float_3_3
Parameters: 0.999999 -0.000135528 -0.000770083 0.000135472 1 0.000612895 0.000769916 -0.000613104 0.999999 -0.230749 -0.13903 -0.413501
FixedParameters: 0 0 0

#Transform 20
Transform: AffineTransform_float_3_3
Parameters: 1 0.000364998 -1.80328e-05 -0.000365002 1 -8.99934e-05 1.79671e-05 9.00066e-05 1 0.144669 0.0846669 0.00564827
FixedParameters: 0 0 0

#Transform 21
Transform: AffineTransform_float_3_3
Parameters: 1 -6.75684e-06 -0.000364004 7.24315e-06 1 0.000667997 0.000363995 -0.000668002 0.999999 -0.0752639 -0.0272094 -0.340209
FixedParameters: 0 0 0

#Transform 22
Transform: AffineTransform_float_3_3
Parameters: 1 -0.000265072 0.000107822 0.000264927 0.999999 0.000670028 -0.000108177 -0.000669971 1 -0.088862 -0.0762773 -0.185393
FixedParameters: 0 0 0

#Transform 23
Transform: AffineTransform_float_3_3
Parameters: 1 5.79587e-05 0.000107022 -5.70413e-05 1 0.000385994 -0.000106978 -0.000386006 1 0.0789758 0.061144 -0.10937
FixedParameters: 0 0 0

#Transform 24
Transform: AffineTransform_float_3_3
Parameters: 1 5.69319e-05 0.000468131 -5.70678e-05 0.999998 0.00228198 -0.000467871 -0.00228203 0.999998 0.115822 0.362501 -0.638749
FixedParameters: 0 0 0

#Transform 25
Transform: AffineTransform_float_3_3
Parameters: 1 5.77644e-05 0.000183075 -5.72355e-05 0.999999 0.00128699 -0.000182927 -0.00128701 0.999999 0.0563889 0.257865 -0.391507
FixedParameters: 0 0 0

#Transform 26
Transform: AffineTransform_float_3_3
Parameters: 1 5.8e-05 -0.000635 -5.8e-05 1 3.683e-08 0.000635 3.683e-08 1 -0.145033 -0.039651 -0.170534
FixedParameters: 0 0 0

#Transform 27
Transform: AffineTransform_float_3_3
Parameters: 1 5.80215e-05 -0.000214994 -5.79785e-05 1 0.000100012 0.000215006 -9.99875e-05 1 -0.0515402 -0.0343684 -0.104093
FixedParameters: 0 0 0

#Transform 28
Transform: AffineTransform_float_3_3
Parameters: 1 5.79163e-05 -0.000359013 -5.70836e-05 1 -0.000232979 0.000358987 0.000233021 1 -0.0770876 -0.116661 -0.0231428
FixedParameters: 0 0 0

#Transform 29
Transform: AffineTransform_float_3_3
Parameters: 1 5.79878e-05 -0.000152005 -5.80122e-05 1 -7.99912e-05 0.000151995 8.00088e-05 1 -0.0260536 -0.0787498 -0.0318722
FixedParameters: 0 0 0

#Transform 30
Transform: AffineTransform_float_3_3
Parameters: 1 5.79349e-05 -0.000208018 -5.70651e-05 1 -0.000312988 0.000207982 0.000313012 1 -0.0222843 -0.0675277 0.0240649
FixedParameters: 0 0 0

#Transform 31
Transform: AffineTransform_float_3_3
Parameters: 1 5.79623e-05 -0.000208011 -5.70379e-05 1 -0.000181988 0.00020799 0.000181012 1 -0.0371666 -0.139988 0.00527248
FixedParameters: 0 0 0

#Transform 32
Transform: AffineTransform_float_3_3
Parameters: 1 5.78845e-05 -0.000208032 -5.71154e-05 1 -0.000554988 0.000207968 0.000555012 1 -0.0177622 -0.131448 0.135282
FixedParameters: 0 0 0

#Transform 33
Transform: AffineTransform_float_3_3
Parameters: 1 5.79893e-05 -0.000626001 -5.80112e-05 1 -1.79637e-05 0.000625999 1.70363e-05 1 -0.13044 -0.11536 -0.165874
FixedParameters: 0 0 0

#Transform 34
Transform: AffineTransform_float_3_3
Parameters: 1 5.77252e-05 -0.000626025 -5.72748e-05 1 -0.000438964 0.000625975 0.000439036 0.999999 -0.120736 -0.042791 -0.0590708
FixedParameters: 0 0 0

#Transform 35
Transform: AffineTransform_float_3_3
Parameters: 1 -2.82157e-05 -0.000461987 2.77842e-05 1 -0.000467013 0.000462013 0.000466987 1 -0.140955 -0.233869 0.0666166
FixedParameters: 0 0 0

#Transform 36
Transform: AffineTransform_float_3_3
Parameters: 1 -0.000113049 -0.00018497 0.000112952 1 -0.000262021 0.00018503 0.000262979 1 -0.121651 -0.132445 0.0278015
FixedParameters: 0 0 0

#Transform 37
Transform: AffineTransform_float_3_3
Parameters: 1 5.8029e-05 4.79649e-05 -5.79709e-05 1 -0.000605003 -4.80351e-05 0.000604997 1 0.00340378 -0.218881 0.257517
FixedParameters: 0 0 0

#Transform 38
Transform: AffineTransform_float_3_3
Parameters: 1 0.000134845 -0.000256082 -0.000134155 1 -0.000604965 0.000255919 0.000605034 1 -0.0230747 -0.150568 0.145064
FixedParameters: 0 0 0

#Transform 39
Transform: AffineTransform_float_3_3
Parameters: 1 5.80143e-05 4.79828e-05 -5.79857e-05 1 -0.000297003 -4.80172e-05 0.000296997 1 0.0127363 -0.123444 0.110272
FixedParameters: 0 0 0

#Transform 40
Transform: AffineTransform_float_3_3
Parameters: 1 5.78953e-05 -0.000385016 -5.71047e-05 1 -0.000271978 0.000384984 0.000272022 1 -0.0614414 -0.117437 -0.0374987
FixedParameters: 0 0 0

#Transform 41
Transform: AffineTransform_float_3_3
Parameters: 1 5.74824e-05 -0.000635047 -5.75175e-05 0.999999 -0.000814964 0.000634954 0.000815037 1 -0.125579 -0.119798 0.0762406
FixedParameters: 0 0 0

#Transform 42
Transform: AffineTransform_float_3_3
Parameters: 0.999999 5.78981e-05 -0.000849006 -5.71018e-05 1 -0.000119952 0.000848993 0.000120049 0.999999 -0.185659 -0.150124 -0.215191
FixedParameters: 0 0 0

#Transform 43
Transform: AffineTransform_float_3_3
Parameters: 1 5.76565e-05 -0.000461043 -5.73434e-05 0.999999 -0.000744973 0.000460957 0.000745026 0.999999 -0.0902315 -0.129477 0.13538
FixedParameters: 0 0 0

#Transform 44
Transform: AffineTransform_float_3_3
Parameters: 1 5.79735e-05 -4.30357e-05 -5.70264e-05 1 -0.000614997 4.29649e-05 0.000615002 1 -0.0107632 -0.259078 0.251732
FixedParameters: 0 0 0

#Transform 45
Transform: AffineTransform_float_3_3
Parameters: 1 5.77631e-05 -0.000382036 -5.72372e-05 1 -0.000620978 0.000381964 0.000620022 0.999999 -0.0707195 -0.084559 0.101979
FixedParameters: 0 0 0

#Transform 46
Transform: AffineTransform_float_3_3
Parameters: 0.999999 0.00014068 -0.000752059 -0.00014032 1 -0.000425894 0.00075194 0.000426106 0.999999 -0.129011 -0.203974 -0.0610383
FixedParameters: 0 0 0

#Transform 47
Transform: AffineTransform_float_3_3
Parameters: 0.999999 0.000154141 -0.000849156 -0.00015486 1 -0.00101187 0.000849843 0.00101213 0.999999 -0.147494 -0.155482 0.110458
FixedParameters: 0 0 0

#Transform 48
Transform: AffineTransform_float_3_3
Parameters: 1 5.77655e-05 -0.000513026 -5.72344e-05 1 -0.000456971 0.000512974 0.00045703 1 -0.102989 -0.18569 0.01442
FixedParameters: 0 0 0

#Transform 49
Transform: AffineTransform_float_3_3
Parameters: 0.999999 5.7516e-05 -0.000849033 -5.74839e-05 1 -0.000569952 0.000848967 0.000570049 1 -0.185802 -0.1324 -0.0570656
FixedParameters: 0 0 0

#Transform 50
Transform: AffineTransform_float_3_3
Parameters: 1 5.785e-05 -0.000358024 -5.715e-05 1 -0.000418979 0.000357976 0.000419021 1 -0.0647434 -0.158672 0.0294672
FixedParameters: 0 0 0

#Transform 51
Transform: AffineTransform_float_3_3
Parameters: 0.999999 0.000150959 -0.000722218 -0.000152041 0.999999 -0.00144189 0.000721781 0.00144211 0.999998 -0.111111 -0.151051 0.257766
FixedParameters: 0 0 0

#Transform 52
Transform: AffineTransform_float_3_3
Parameters: 0.999999 5.74248e-05 -0.000745045 -5.75751e-05 0.999999 -0.000771957 0.000744956 0.000772043 1 -0.149031 -0.358169 0.0666659
FixedParameters: 0 0 0

#Transform 53
Transform: AffineTransform_float_3_3
Parameters: 0.999999 5.73627e-05 -0.000867042 -5.76372e-05 0.999999 -0.00073495 0.000866958 0.00073505 1 -0.18549 -0.147827 -0.00665284
FixedParameters: 0 0 0

#Transform 54
Transform: AffineTransform_float_3_3
Parameters: 1 5.78824e-05 -0.000145047 -5.71176e-05 0.999999 -0.000810991 0.000144954 0.000811008 0.999999 -0.0332386 -0.250574 0.257581
FixedParameters: 0 0 0

#Transform 55
Transform: AffineTransform_float_3_3
Parameters: 1 5.78932e-05 -0.000145043 -5.71067e-05 0.999999 -0.000735991 0.000144958 0.000736008 0.999999 -0.0332337 -0.192587 0.191891
FixedParameters: 0 0 0

#Transform 56
Transform: AffineTransform_float_3_3
Parameters: 1 0.000367574 -0.000464337 -0.000367426 0.999999 -0.000917829 0.000463663 0.00091817 0.999999 0.0107271 -0.13926 0.171964
FixedParameters: 0 0 0

#Transform 57
Transform: AffineTransform_float_3_3
Parameters: 1 5.4926e-05 -0.000145028 -5.50739e-05 1 -0.000509992 0.000144972 0.000510008 1 -0.0469006 -0.162827 0.115495
FixedParameters: 0 0 0

#Transform 58
Transform: AffineTransform_float_3_3
Parameters: 1 0.000127309 -0.000575153 -0.000127691 1 -0.00120193 0.000574847 0.00120207 0.999999 -0.104384 -0.142181 0.206102
FixedParameters: 0 0 0

#Transform 59
Transform: AffineTransform_float_3_3
Parameters: 1 -9.11199e-05 -0.000144925 9.088e-05 0.999999 -0.000827013 0.000145075 0.000826986 0.999999 -0.0962478 -0.417322 0.318982
FixedParameters: 0 0 0

#Transform 60
Transform: AffineTransform_float_3_3
Parameters: 1 -9.11004e-05 -0.000144937 9.08995e-05 1 -0.000693013 0.000145063 0.000692986 0.999999 -0.0922502 -0.190764 0.186472
FixedParameters: 0 0 0

#Transform 61
Transform: AffineTransform_float_3_3
Parameters: 0.999999 0.00051287 -0.000518129 -0.00051313 1 -0.000251734 0.000517871 0.000251266 1 0.0549895 0.0539353 -0.0995619
FixedParameters: 0 0 0

#Transform 62
Transform: AffineTransform_float_3_3
Parameters: 0.999999 0.00051269 -0.00058727 -0.000513309 0.999999 -0.000527698 0.000586729 0.000527301 0.999999 0.0379217 -0.00289964 -0.0397838
FixedParameters: 0 0 0

#Transform 63
Transform: AffineTransform_float_3_3
Parameters: 1 0.000617275 -0.000929483 -0.000617726 0.999999 -0.000780426 0.000929519 0.000780574 1 0.0109158 -0.0454729 -0.0248641
FixedParameters: 0 0 0

#Transform 64
Transform: AffineTransform_float_3_3
Parameters: 1 0.000140194 -0.000672752 -0.000138805 0.999999 0.00177509 0.000673247 -0.00177491 0.999998 -0.104501 0.35188 -0.930267
FixedParameters: 0 0 0

#Transform 65
Transform: AffineTransform_float_3_3
Parameters: 1 0.000181176 0.000132761 -0.000180824 0.999999 -0.00132102 -0.000133239 0.00132098 0.999999 0.0744859 -0.167813 0.516208
FixedParameters: 0 0 0

#Transform 66
Transform: AffineTransform_float_3_3
Parameters: 1 -2.69467e-05 0.000105014 2.70533e-05 1 -0.000507997 -0.000104986 0.000508003 1 -0.0168061 -0.296857 0.220057
FixedParameters: 0 0 0

#Transform 67
Transform: AffineTransform_float_3_3
Parameters: 1 -2.70026e-05 -1.9642e-06 2.69973e-05 0.999999 -0.001326 2.0358e-06 0.001326 0.999999 -0.0497778 -0.262558 0.483565
FixedParameters: 0 0 0

#Transform 68
Transform: AffineTransform_float_3_3
Parameters: 1 -2.69955e-05 7.80016e-05 2.70045e-05 1 -5.79979e-05 -7.79984e-05 5.80021e-05 1 -0.0357118 -0.17979 0.0504777
FixedParameters: 0 0 0

#Transform 69
Transform: AffineTransform_float_3_3
Parameters: 1 -2.71451e-05 -0.000171977 2.68548e-05 0.999999 -0.000844004 0.000172023 0.000843995 0.999999 -0.0957698 -0.217458 0.25743
FixedParameters: 0 0 0

#Transform 70
Transform: AffineTransform_float_3_3
Parameters: 1 -2.69319e-05 7.80235e-05 2.70681e-05 0.999999 -0.000872997 -7.79764e-05 0.000873001 0.999999 -0.0160948 -0.198383 0.312407
FixedParameters: 0 0 0

#Transform 71
Transform: AffineTransform_float_3_3
Parameters: 1 0.000100799 -0.000172118 -0.000100201 1 -0.00116698 0.000171883 0.00116702 1 -0.0272296 -0.177486 0.344933
FixedParameters: 0 0 0

#Transform 72
Transform: AffineTransform_float_3_3
Parameters: 1 -2.68997e-05 7.80347e-05 2.71003e-05 0.999999 -0.001286 -7.79652e-05 0.001286 0.999999 -0.0397656 -0.437409 0.578725
FixedParameters: 0 0 0

#Transform 73
Transform: AffineTransform_float_3_3
Parameters: 1 -2.69371e-05 0.000211008 2.70629e-05 1 -0.000297994 -0.000210992 0.000298006 1 0.00145909 -0.110599 0.156946
FixedParameters: 0 0 0

#Transform 74
Transform: AffineTransform_float_3_3
Parameters: 1 -0.00014813 -0.000197903 0.00014787 1 -0.000655029 0.000198097 0.00065497 1 -0.161951 -0.280833 0.194811
FixedParameters: 0 0 0

#Transform 75
Transform: AffineTransform_float_3_3
Parameters: 1 -7.97614e-05 0.000250076 8.02384e-05 0.999999 -0.00095398 -0.000249924 0.00095402 1 -0.0121149 -0.184782 0.390622
FixedParameters: 0 0 0

#Transform 76
Transform: AffineTransform_float_3_3
Parameters: 1 -2.70953e-05 -0.000203987 2.69047e-05 1 -0.000467005 0.000204013 0.000466994 1 -0.117961 -0.256711 0.13839
FixedParameters: 0 0 0

#Transform 77
Transform: AffineTransform_float_3_3
Parameters: 1 -2.71927e-05 -0.00012896 2.68072e-05 0.999999 -0.001494 0.00012904 0.001494 0.999999 -0.0808781 -0.264537 0.507581
FixedParameters: 0 0 0

#Transform 78
Transform: AffineTransform_float_3_3
Parameters: 1 -2.70277e-05 -5.49864e-05 2.69723e-05 1 -0.000503001 5.50136e-05 0.000502998 1 -0.0705156 -0.297485 0.173042
FixedParameters: 0 0 0

#Transform 79
Transform: AffineTransform_float_3_3
Parameters: 1 2.68929e-05 -0.000305009 -2.7107e-05 1 -0.000350992 0.00030499 0.000351008 1 -0.108689 -0.154236 0.0388058
FixedParameters: 0 0 0

#Transform 80
Transform: AffineTransform_float_3_3
Parameters: 1 0.000190284 -0.000305447 -0.000190717 0.999997 -0.00234594 0.000305553 0.00234606 0.999997 -0.0341218 -0.430696 0.806992
FixedParameters: 0 0 0

#Transform 81
Transform: AffineTransform_float_3_3
Parameters: 1 -9.49392e-05 0.000122047 9.40607e-05 1 -0.000497988 -0.000121953 0.000498011 1 -0.0418016 -0.280999 0.2287
FixedParameters: 0 0 0

#Transform 82
Transform: AffineTransform_float_3_3
Parameters: 1 -3.91812e-05 -0.000111937 3.88187e-05 0.999998 -0.001618 0.000112063 0.00161799 0.999998 -0.0774155 -0.410103 0.60684
FixedParameters: 0 0 0

#Transform 83
Transform: AffineTransform_float_3_3
Parameters: 1 -3.92643e-05 -0.000271962 3.87356e-05 0.999999 -0.000972011 0.000272038 0.000971989 1 -0.116912 -0.31209 0.282396
FixedParameters: 0 0 0

#Transform 84
Transform: AffineTransform_float_3_3
Parameters: 1 -3.91294e-05 -0.000143965 3.88705e-05 0.999999 -0.000899005 0.000144035 0.000898994 0.999999 -0.0953046 -0.276078 0.293533
FixedParameters: 0 0 0

#Transform 85
Transform: AffineTransform_float_3_3
Parameters: 1 -3.91199e-05 -0.000143967 3.888e-05 0.999999 -0.000833005 0.000144032 0.000832994 0.999999 -0.0953039 -0.263527 0.264908
FixedParameters: 0 0 0

#Transform 86
Transform: AffineTransform_float_3_3
Parameters: 1 2.12563e-05 0.000146963 -2.07436e-05 0.999999 -0.001744 -0.000147036 0.001744 0.999999 0.010375 -0.253635 0.63692
FixedParameters: 0 0 0

#Transform 87
Transform: AffineTransform_float_3_3
Parameters: 1 -3.92019e-05 -0.000154949 3.8798e-05 0.999999 -0.00130301 0.000155051 0.00130299 0.999999 -0.116689 -0.546217 0.529106
FixedParameters: 0 0 0

#Transform 88
Transform: AffineTransform_float_3_3
Parameters: 1 -0.000246168 -0.000154733 0.000245832 1 -0.00108604 0.000155267 0.00108596 1 -0.201297 -0.445749 0.423009
FixedParameters: 0 0 0

#Transform 89
Transform: AffineTransform_float_3_3
Parameters: 1 -0.0003267 0.000298329 0.000327299 1 -0.0010049 -0.000297671 0.0010051 1 -0.117055 -0.414862 0.49492
FixedParameters: 0 0 0

#Transform 90
Transform: AffineTransform_float_3_3
Parameters: 1 -0.000461174 -0.00015448 0.000460825 1 -0.00112707 0.000155519 0.00112693 1 -0.286285 -0.470028 0.40612
FixedParameters: 0 0 0

#Transform 91
Transform: AffineTransform_float_3_3
Parameters: 1 -3.91835e-05 -0.000154954 3.88165e-05 1 -0.00118401 0.000155046 0.00118399 1 -0.103576 -0.260145 0.366787
FixedParameters: 0 0 0

#Transform 92
Transform: AffineTransform_float_3_3
Parameters: 1 -3.9089e-05 -0.000154978 3.8911e-05 1 -0.000574006 0.000155022 0.000573994 1 -0.0998177 -0.212646 0.147923
FixedParameters: 0 0 0

#Transform 93
Transform: AffineTransform_float_3_3
Parameters: 1 -3.92352e-05 -0.000154941 3.87647e-05 0.999999 -0.00151801 0.000155059 0.00151799 0.999999 -0.0998656 -0.306833 0.480442
FixedParameters: 0 0 0

#Transform 94
Transform: AffineTransform_float_3_3
Parameters: 1 -3.91492e-05 -0.000154962 3.88507e-05 0.999999 -0.000963005 0.000155037 0.000962993 0.999999 -0.0998425 -0.411405 0.318932
FixedParameters: 0 0 0

#Transform 95
Transform: AffineTransform_float_3_3
Parameters: 1 -3.90318e-05 -2.39483e-05 3.89682e-05 0.999999 -0.001325 2.40517e-05 0.001325 0.999999 -0.0611306 -0.203797 0.42224
FixedParameters: 0 0 0

#Transform 96
Transform: AffineTransform_float_3_3
Parameters: 1 -0.00018322 -0.000161751 0.000182781 0.999999 -0.00135903 0.000161249 0.00135897 0.999999 -0.158481 -0.54748 0.507804
FixedParameters: 0 0 0

#Transform 97
Transform: AffineTransform_float_3_3
Parameters: 1 -0.000180116 -9.47794e-05 0.000179884 0.999999 -0.00122502 9.52204e-05 0.00122498 0.999999 -0.140731 -0.29751 0.401071
FixedParameters: 0 0 0

#Transform 98
Transform: AffineTransform_float_3_3
Parameters: 1 -3.9226e-05 -0.000161945 3.8774e-05 0.999999 -0.00139501 0.000162054 0.00139499 0.999999 -0.101495 -0.400257 0.424234
FixedParameters: 0 0 0

#Transform 99
Transform: AffineTransform_float_3_3
Parameters: 1 -3.91336e-05 -0.000161968 3.88663e-05 0.999999 -0.000825006 0.000162032 0.000824993 0.999999 -0.101468 -0.189818 0.198613
FixedParameters: 0 0 0

#Transform 100
Transform: AffineTransform_float_3_3
Parameters: 1 -3.91561e-05 -0.000161962 3.88438e-05 0.999999 -0.000964005 0.000162037 0.000963993 0.999999 -0.101482 -0.306202 0.282037
FixedParameters: 0 0 0

#Transform 101
Transform: AffineTransform_float_3_3
Parameters: 1 -3.92083e-05 -0.00016195 3.87916e-05 0.999999 -0.00128601 0.00016205 0.00128599 0.999999 -0.1015 -0.296408 0.381203
FixedParameters: 0 0 0

#Transform 102
Transform: AffineTransform_float_3_3
Parameters: 1 -3.92083e-05 -0.00016195 3.87916e-05 0.999999 -0.00128601 0.00016205 0.00128599 0.999999 -0.101499 -0.345444 0.38114
FixedParameters: 0 0 0

#Transform 103
Transform: AffineTransform_float_3_3
Parameters: 1 -3.92083e-05 -0.00016195 3.87916e-05 0.999999 -0.00128601 0.00016205 0.00128599 0.999999 -0.101497 -0.272017 0.354132
FixedParameters: 0 0 0

#Transform 104
Transform: AffineTransform_float_3_3
Parameters: 1 -3.88834e-05 -0.00045201 3.91166e-05 1 0.000257982 0.00045199 -0.000258018 1 -0.182827 -0.0717478 -0.300771
FixedParameters: 0 0 0

#Transform 105
Transform: AffineTransform_float_3_3
Parameters: 1 0.000163319 -0.00014063 -0.000163682 0.999998 0.00226802 0.000140372 -0.00226798 0.999998 -0.01603 0.453709 -0.934898
FixedParameters: 0 0 0

#Transform 106
Transform: AffineTransform_float_3_3
Parameters: 1 0.000172671 -0.000625091 -0.000173329 1 -0.000525892 0.000625909 0.000526108 0.999999 -0.131423 0.126154 -0.048566
FixedParameters: 0 0 0

#Transform 107
Transform: AffineTransform_float_3_3
Parameters: 1 4.30635e-05 -0.000417993 -4.29365e-05 1 0.000152018 0.000418006 -0.000151982 1 -0.131867 -0.0949064 -0.183259
FixedParameters: 0 0 0

#Transform 108
Transform: AffineTransform_float_3_3
Parameters: 1 0.00017248 -0.000383234 -0.00017352 0.999999 -0.00135693 0.000382765 0.00135707 0.999999 -0.0718999 -0.206389 0.340991
FixedParameters: 0 0 0

#Transform 109
Transform: AffineTransform_float_3_3
Parameters: 0.999999 0.000174488 -0.000818684 -0.000173513 0.999999 0.00181714 0.000818316 -0.00181686 0.999998 -0.188407 0.374287 -0.9543
FixedParameters: 0 0 0

#Transform 110
Transform: AffineTransform_float_3_3
Parameters: 1 0.000478446 -0.00096379 -0.000476554 0.999996 0.00253646 0.000965213 -0.00253654 0.999997 -0.0763502 0.631977 -1.23032
FixedParameters: 0 0 0

#Transform 111
Transform: AffineTransform_float_3_3
Parameters: 0.999999 0.000410714 -0.000834141 -0.000411286 1 -0.000343657 0.000833858 0.000343342 0.999999 -0.0884069 0.148513 -0.11825
FixedParameters: 0 0 0

#Transform 112
Transform: AffineTransform_float_3_3
Parameters: 0.999999 0.000411081 -0.000792957 -0.000410918 1 0.000103326 0.000793042 -0.000102674 0.999999 -0.061834 0.0358514 -0.275061
FixedParameters: 0 0 0

#Transform 113
Transform: AffineTransform_float_3_3
Parameters: 1 0.000548658 -0.0010597 -0.000550342 0.999999 -0.00126642 0.0010593 0.00126758 0.999998 -0.0664215 -0.0601009 0.112638
FixedParameters: 0 0 0

#Transform 114
Transform: AffineTransform_float_3_3
Parameters: 0.999999 0.000991641 -0.0012251 -0.000992358 0.999999 -0.00110879 0.0012239 0.00111021 0.999998 0.0860588 0.00361546 -0.0163068
FixedParameters: 0 0 0

#Transform 115
Transform: AffineTransform_float_3_3
Parameters: 0.999999 0.000655055 -0.00113612 -0.000657945 0.999999 -0.00171225 0.00113487 0.00171375 0.999998 -0.0229894 -0.146069 0.230794
FixedParameters: 0 0 0

#Transform 116
Transform: AffineTransform_float_3_3
Parameters: 0.999999 0.000815881 -0.000944968 -0.00081712 0.999999 -0.00118523 0.000944032 0.00118577 0.999999 0.0981145 -0.0281136 0.0787877
FixedParameters: 0 0 0

#Transform 117
Transform: AffineTransform_float_3_3
Parameters: 0.999999 0.000749053 -0.0012172 -0.000750947 0.999999 -0.00160009 0.0012158 0.00160091 0.999998 0.00466897 -0.101451 0.135832
FixedParameters: 0 0 0

#Transform 118
Transform: AffineTransform_float_3_3
Parameters: 0.999999 0.000969841 -0.000791972 -0.00096916 0.999999 0.00106077 0.000793029 -0.00106023 0.999999 0.196687 0.452787 -0.700422
FixedParameters: 0 0 0

#Transform 119
Transform: AffineTransform_float_3_3
Parameters: 0.999999 0.000967484 -0.00123719 -0.000968515 0.999999 -0.0012248 0.00123581 0.0012262 0.999999 0.080596 0.122531 -0.00360379
FixedParameters: 0 0 0

#Transform 120
Transform: AffineTransform_float_3_3
Parameters: 0.999999 0.000967573 -0.00120714 -0.000968426 0.999999 -0.00118183 0.00120585 0.00118317 0.999998 0.0937161 -0.0257771 0.0103197
FixedParameters: 0 0 0

#Transform 121
Transform: AffineTransform_float_3_3
Parameters: 0.999998 0.000601922 -0.00158917 -0.000605077 0.999998 -0.00193704 0.00158783 0.00193796 0.999997 -0.138149 -0.182329 0.142072
FixedParameters: 0 0 0

#Transform 122
Transform: AffineTransform_float_3_3
Parameters: 0.999999 0.000554573 -0.00120712 -0.000557427 0.999998 -0.00201133 0.00120588 0.00201167 0.999997 -0.0730568 -0.292683 0.285216
FixedParameters: 0 0 0

#Transform 123
Transform: AffineTransform_float_3_3
Parameters: 0.999999 0.000616007 -0.00137934 -0.000618996 0.999998 -0.00217115 0.00137866 0.00217185 0.999996 -0.0877681 -0.224713 0.27311
FixedParameters: 0 0 0

#Transform 124
Transform: AffineTransform_float_3_3
Parameters: 0.999999 0.000652691 -0.00120725 -0.000655309 0.999998 -0.00191321 0.00120575 0.00191379 0.999998 -0.0339662 -0.239779 0.246461
FixedParameters: 0 0 0

#Transform 125
Transform: AffineTransform_float_3_3
Parameters: 0.999999 0.000555082 -0.00120688 -0.000556918 0.999998 -0.00158933 0.00120612 0.00158967 0.999998 -0.0853816 -0.249777 0.212017
FixedParameters: 0 0 0

#Transform 126
Transform: AffineTransform_float_3_3
Parameters: 0.999999 0.000555752 -0.000705984 -0.000557248 0.999999 -0.00176861 0.000705015 0.00176939 0.999998 0.0178678 -0.261956 0.415826
FixedParameters: 0 0 0

#Transform 127
Transform: AffineTransform_float_3_3
Parameters: 1 0.00055487 -0.000825437 -0.000557133 0.999997 -0.00258354 0.000824564 0.00258346 0.999997 -0.0113107 -0.456464 0.641506
FixedParameters: 0 0 0

#Transform 128
Transform: AffineTransform_float_3_3
Parameters: 0.999999 0.000557135 -0.00118394 -0.000556866 1 0.000113659 0.00118406 -0.00011334 1 -0.0892308 0.12683 -0.469003
FixedParameters: 0 0 0

#Transform 129
Transform: AffineTransform_float_3_3
Parameters: 1 0.000555529 -0.000763073 -0.000557471 0.999998 -0.00192858 0.000761926 0.00192942 0.999998 0.000453702 -0.20517 0.469057
FixedParameters: 0 0 0

#Transform 130
Transform: AffineTransform_float_3_3
Parameters: 0.999999 0.000203361 -0.000762171 -0.000203638 0.999999 -0.000837845 0.00076183 0.000838155 1 -0.144401 -0.286612 0.0645788
FixedParameters: 0 0 0

#Transform 131
Transform: AffineTransform_float_3_3
Parameters: 0.999999 0.000555756 -0.000762907 -0.000557243 0.999998 -0.00163058 0.000762092 0.00163142 0.999999 0.00522226 -0.157486 0.29259
FixedParameters: 0 0 0

#Transform 132
Transform: AffineTransform_float_3_3
Parameters: 0.999999 0.000276026 -0.00092829 -0.000276974 1 -0.00104874 0.00092871 0.00104926 0.999999 -0.146127 -0.249809 0.0439715
FixedParameters: 0 0 0

#Transform 133
Transform: AffineTransform_float_3_3
Parameters: 0.999999 0.000555093 -0.00117091 -0.000556906 0.999998 -0.00162835 0.00117009 0.00162965 0.999998 -0.0734171 -0.143905 0.121876
FixedParameters: 0 0 0

#Transform 134
Transform: AffineTransform_float_3_3
Parameters: 1 0.000555717 -0.000893799 -0.000557283 0.999999 -0.0014355 0.000893201 0.0014365 0.999998 -0.0226381 -0.203697 0.163875
FixedParameters: 0 0 0

#Transform 135
Transform: AffineTransform_float_3_3
Parameters: 0.999999 0.000452001 -0.00119476 -0.000453999 0.999999 -0.00167446 0.00119324 0.00167454 0.999998 -0.120826 -0.196251 0.132538
FixedParameters: 0 0 0

#Transform 136
Transform: AffineTransform_float_3_3
Parameters: 0.999999 0.000555655 -0.000762982 -0.000557346 0.999999 -0.00176458 0.000762018 0.00176442 0.999998 0.0263665 -0.219524 0.296816
FixedParameters: 0 0 0

#Transform 137
Transform: AffineTransform_float_3_3
Parameters: 0.999999 0.000499478 -0.000762997 -0.000501521 0.999998 -0.00199462 0.000762 0.00199538 0.999997 -0.0124931 -0.339305 0.444684
FixedParameters: 0 0 0

#Transform 138
Transform: AffineTransform_float_3_3
Parameters: 1 0.000555011 -0.000935184 -0.000556991 0.999997 -0.00212848 0.000934817 0.00212852 0.999998 -0.0329744 -0.267851 0.371871
FixedParameters: 0 0 0

#Transform 139
Transform: AffineTransform_float_3_3
Parameters: 0.999999 0.000554614 -0.00118112 -0.000557385 0.999998 -0.00202034 0.00117988 0.00202166 0.999998 -0.0738815 -0.271518 0.267195
FixedParameters: 0 0 0

#Transform 140
Transform: AffineTransform_float_3_3
Parameters: 0.999999 0.000554495 -0.00120416 -0.000556505 0.999997 -0.00208133 0.00120284 0.00208167 0.999997 -0.081914 -0.327725 0.301798
FixedParameters: 0 0 0

#Transform 141
Transform: AffineTransform_float_3_3
Parameters: 1 0.000554945 -0.000971177 -0.000557054 0.999997 -0.00211646 0.000969823 0.00211754 0.999998 -0.0200828 -0.257033 0.350829
FixedParameters: 0 0 0

#Transform 142
Transform: AffineTransform_float_3_3
Parameters: 0.999999 0.000554272 -0.00134013 -0.00055673 0.999998 -0.00203626 0.00133987 0.00203674 0.999997 -0.110184 -0.321897 0.208264
FixedParameters: 0 0 0

#Transform 143
Transform: AffineTransform_float_3_3
Parameters: 1 0.000555051 -0.00102306 -0.000556949 0.999998 -0.00190543 0.00102194 0.00190657 0.999997 -0.0319197 -0.242161 0.273829
FixedParameters: 0 0 0

#Transform 144
Transform: AffineTransform_float_3_3
Parameters: 1 0.000554825 -0.00102318 -0.000557175 0.999997 -0.00212743 0.00102182 0.00212757 0.999997 -0.0320143 -0.29378 0.339182
FixedParameters: 0 0 0

#Transform 145
Transform: AffineTransform_float_3_3
Parameters: 0.999998 0.000969297 -0.00169155 -0.000971703 0.999999 -0.00159736 0.00169045 0.00159964 0.999998 -0.0324406 -0.146812 -0.0203757
FixedParameters: 0 0 0

#Transform 146
Transform: AffineTransform_float_3_3
Parameters: 0.999998 0.000740693 -0.00144016 -0.000740305 0.999999 -0.000211934 0.00143984 0.000213067 0.999999 -0.0549298 0.213943 -0.494301
FixedParameters: 0 0 0

#Transform 147
Transform: AffineTransform_float_3_3
Parameters: 0.999999 0.00047587 -0.00116787 -0.00047813 0.999998 -0.00182344 0.00116713 0.00182456 0.999997 -0.12749 -0.340417 0.275498
FixedParameters: 0 0 0

#Transform 148
Transform: AffineTransform_float_3_3
Parameters: 0.999999 0.000476403 -0.000736036 -0.000477597 0.999998 -0.00217165 0.000734965 0.00217135 0.999998 -0.017296 -0.278076 0.494101
FixedParameters: 0 0 0

#Transform 149
Transform: AffineTransform_float_3_3
Parameters: 0.999999 0.000374372 -0.000678347 -0.000374628 0.999999 -0.000926746 0.000677653 0.000926254 1 -0.0637181 -0.189142 0.106444
FixedParameters: 0 0 0

#Transform 150
Transform: AffineTransform_float_3_3
Parameters: 1 0.000726481 -0.000935183 -0.00072752 0.999999 -0.00162532 0.000933819 0.00162568 0.999998 0.0390413 -0.0978307 0.195197
FixedParameters: 0 0 0

#Transform 151
Transform: AffineTransform_float_3_3
Parameters: 0.999999 0.000476223 -0.00122669 -0.000477777 0.999999 -0.00144942 0.00122531 0.00144958 0.999998 -0.126052 -0.16121 0.0306649
FixedParameters: 0 0 0

#Transform 152
Transform: AffineTransform_float_3_3
Parameters: 1 0.000381956 -0.00114868 -0.000384045 0.999999 -0.00177956 0.00114832 0.00178044 0.999998 -0.148685 -0.286529 0.167893
FixedParameters: 0 0 0

#Transform 153
Transform: AffineTransform_float_3_3
Parameters: 1 0.00055608 -0.000959116 -0.00055792 0.999998 -0.00200247 0.000957885 0.00200353 0.999998 -0.0277376 -0.198448 0.299615
FixedParameters: 0 0 0

#Transform 154
Transform: AffineTransform_float_3_3
Parameters: 1 0.000473165 -0.00101086 -0.000474834 0.999998 -0.00181652 0.00100914 0.00181648 0.999998 -0.0706352 -0.299249 0.236955
FixedParameters: 0 0 0

#Transform 155
Transform: AffineTransform_float_3_3
Parameters: 0.999999 0.000487785 -0.0012029 -0.000490216 0.999998 -0.00184241 0.0012021 0.00184259 0.999997 -0.111984 -0.241069 0.212129
FixedParameters: 0 0 0

#Transform 156
Transform: AffineTransform_float_3_3
Parameters: 0.999999 0.000491575 -0.000794026 -0.000490424 0.999998 0.00198339 0.000794973 -0.00198261 0.999997 -0.00119711 0.418039 -1.01102
FixedParameters: 0 0 0

#Transform 157
Transform: AffineTransform_float_3_3
Parameters: 0.999999 0.000419736 -0.000844628 -0.000421263 0.999999 -0.00149564 0.00084437 0.00149635 0.999998 -0.0614394 -0.162532 0.240798
FixedParameters: 0 0 0

#Transform 158
Transform: AffineTransform_float_3_3
Parameters: 0.999999 7.00311e-05 -0.000747091 -7.09688e-05 0.999999 -0.00129695 0.000746908 0.00129705 0.999999 -0.180401 -0.26706 0.211473
FixedParameters: 0 0 0

#Transform 159
Transform: AffineTransform_float_3_3
Parameters: 1 -0.000172385 -0.000257743 0.000172615 0.999999 -0.00149204 0.000258258 0.00149196 0.999999 -0.187423 -0.550861 0.552314
FixedParameters: 0 0 0

#Transform 160
Transform: AffineTransform_float_3_3
Parameters: 1 7.04379e-05 -0.000445089 -7.0562e-05 0.999999 -0.00126297 0.000444911 0.00126303 0.999999 -0.11214 -0.230925 0.283985
FixedParameters: 0 0 0

#Transform 161
Transform: AffineTransform_float_3_3
Parameters: 0.999999 0.000325921 -0.00080044 -0.000327078 0.999999 -0.00134774 0.000799559 0.00134826 0.999999 -0.0977807 -0.240544 0.199576
FixedParameters: 0 0 0

#Transform 162
Transform: AffineTransform_float_3_3
Parameters: 0.999999 0.000374603 -0.000711737 -0.000375396 0.999998 -0.00196473 0.000710264 0.00196427 0.999998 -0.0510372 -0.268176 0.418375
FixedParameters: 0 0 0

#Transform 163
Transform: AffineTransform_float_3_3
Parameters: 0.999999 0.00081511 -0.000925669 -0.000816892 0.999998 -0.00204425 0.000924333 0.00204476 0.999998 0.0913423 -0.170267 0.343616
FixedParameters: 0 0 0

#Transform 164
Transform: AffineTransform_float_3_3
Parameters: 0.999999 0.000284685 -0.000711527 -0.000286314 0.999998 -0.0018488 0.000710472 0.0018492 0.999998 -0.0866425 -0.362268 0.371911
FixedParameters: 0 0 0

#Transform 165
Transform: AffineTransform_float_3_3
Parameters: 0.999999 0.000814547 -0.0011807 -0.000816455 0.999998 -0.00207904 0.0011793 0.00207996 0.999997 0.0240378 -0.163605 0.256401
FixedParameters: 0 0 0

#Transform 166
Transform: AffineTransform_float_3_3
Parameters: 0.999999 0.000814949 -0.000996681 -0.000816052 0.999998 -0.00205919 0.000995321 0.00206081 0.999998 0.0530937 -0.204323 0.340589
FixedParameters: 0 0 0

#Transform 167
Transform: AffineTransform_float_3_3
Parameters: 0.999999 0.000814076 -0.00123194 -0.000816924 0.999997 -0.002375 0.00123006 0.002376 0.999997 0.0117948 -0.308706 0.453293
FixedParameters: 0 0 0

#Transform 168
Transform: AffineTransform_float_3_3
Parameters: 1 0.000763636 -0.000711391 -0.000763364 0.999999 -0.000511457 0.000710609 0.000512543 0.999999 0.102713 -0.0145938 -0.0446528
FixedParameters: 0 0 0

#Transform 169
Transform: AffineTransform_float_3_3
Parameters: 0.999999 0.000407192 -0.000832886 -0.000408807 0.999997 -0.00217066 0.000832114 0.00217134 0.999998 -0.0679337 -0.3078 0.502504
FixedParameters: 0 0 0

#Transform 170
Transform: AffineTransform_float_3_3
Parameters: 1 0.000472287 -0.00107775 -0.000473713 0.999998 -0.00158949 0.00107725 0.00159051 0.999998 -0.0846529 -0.301837 0.199192
FixedParameters: 0 0 0

#Transform 171
Transform: AffineTransform_float_3_3
Parameters: 1 0.000685184 -0.000828506 -0.000686817 0.999998 -0.00219343 0.000827495 0.00219457 0.999998 0.0613066 -0.258802 0.478264
FixedParameters: 0 0 0

#Transform 172
Transform: AffineTransform_float_3_3
Parameters: 0.999999 0.000976307 -0.000828999 -0.000978694 0.999998 -0.00204519 0.000827 0.00204581 0.999997 0.180396 -0.129106 0.365014
FixedParameters: 0 0 0

#Transform 173
Transform: AffineTransform_float_3_3
Parameters: 0.999998 0.00052942 -0.00154489 -0.00053158 0.999999 -0.00167018 0.00154411 0.00167082 0.999998 -0.154718 -0.240079 0.0529033
FixedParameters: 0 0 0

#Transform 174
Transform: AffineTransform_float_3_3
Parameters: 0.999999 0.000647965 -0.00129502 -0.000650034 0.999998 -0.00157116 0.00129398 0.00157184 0.999998 -0.0611254 -0.128332 0.0895048
FixedParameters: 0 0 0

#Transform 175
Transform: AffineTransform_float_3_3
Parameters: 0.999999 0.000730665 -0.000597188 -0.000729335 0.999999 0.00111244 0.000597812 -0.00111256 0.999999 0.125841 0.369011 -0.590107
FixedParameters: 0 0 0

#Transform 176
Transform: AffineTransform_float_3_3
Parameters: 0.999999 0.000929317 -0.00104683 -0.000927682 0.999999 0.00125797 0.00104817 -0.00125703 0.999998 0.12609 0.562761 -0.856216
FixedParameters: 0 0 0

#Transform 177
Transform: AffineTransform_float_3_3
Parameters: 0.999999 0.000887508 -0.00117562 -0.000886493 1 0.000432043 0.00117638 -0.000430957 0.999999 0.0404362 0.328347 -0.551045
FixedParameters: 0 0 0

#Transform 178
Transform: AffineTransform_float_3_3
Parameters: 0.999999 0.000784538 -0.00103035 -0.000785462 0.999999 -0.000448191 0.00103065 0.000448809 1 0.049765 0.23993 -0.246898
FixedParameters: 0 0 0

#Transform 179
Transform: AffineTransform_float_3_3
Parameters: 0.999999 -0.000493535 -0.000720773 0.000499467 0.999971 0.00760264 0.000717223 -0.00760236 0.999971 -0.323215 1.44634 -2.98079
FixedParameters: 0 0 0

#Transform 180
Transform: AffineTransform_float_3_3
Parameters: 0.999999 0.00105772 0.000658497 -0.00106628 0.999918 0.0127093 -0.000644501 -0.0127097 0.999919 0.499993 3.24264 -4.36857
FixedParameters: 0 0 0

#Transform 181
Transform: AffineTransform_float_3_3
Parameters: 1 0.000511221 -0.000344192 -0.000510779 0.999993 0.00354017 0.00034581 -0.00353982 0.999993 0.0678381 1.05673 -1.42688
FixedParameters: 0 0 0

#Transform 182
Transform: AffineTransform_float_3_3
Parameters: 0.999999 0.000698837 -0.00103209 -0.000696164 0.999996 0.00274572 0.00103392 -0.00274528 0.999995 -0.0267069 0.69711 -1.28913
FixedParameters: 0 0 0

#Transform 183
Transform: AffineTransform_float_3_3
Parameters: 1 0.000696542 -0.000999623 -0.000696457 0.999999 0.000542697 0.00100038 -0.000542304 1 0.00291878 0.268503 -0.5094
FixedParameters: 0 0 0

#Transform 184
Transform: AffineTransform_float_3_3
Parameters: 1 0.000696851 -0.00097139 -0.000696148 1 0.000876677 0.00097261 -0.000875323 0.999999 0.0100877 0.486874 -0.604479
FixedParameters: 0 0 0

#Transform 185
Transform: AffineTransform_float_3_3
Parameters: 0.999998 0.000698394 -0.0015209 -0.000696606 0.999999 0.00157406 0.0015221 -0.00157294 0.999997 -0.105335 0.43977 -0.988893
FixedParameters: 0 0 0

#Transform 186
Transform: AffineTransform_float_3_3
Parameters: 0.999999 0.000606573 -0.00127173 -0.000606427 0.999999 0.000450772 0.00127227 -0.000450229 0.999999 -0.0970867 0.365769 -0.556305
FixedParameters: 0 0 0

#Transform 187
Transform: AffineTransform_float_3_3
Parameters: 0.999998 0.000697481 -0.00152132 -0.000696518 1 0.000974062 0.00152268 -0.00097294 0.999999 -0.118956 0.341576 -0.811426
FixedParameters: 0 0 0

#Transform 188
Transform: AffineTransform_float_3_3
Parameters: 0.999998 0.00101237 -0.00137273 -0.00101163 1 0.000267389 0.00137327 -0.00026561 0.999999 0.0681382 0.401391 -0.53082
FixedParameters: 0 0 0

#Transform 189
Transform: AffineTransform_float_3_3
Parameters: 0.999999 0.00136822 -0.00123965 -0.00136778 0.999998 0.000986697 0.00124135 -0.000985303 0.999998 0.253348 0.608401 -0.801057
FixedParameters: 0 0 0

#Transform 190
Transform: AffineTransform_float_3_3
Parameters: 0.999998 0.00111198 -0.00124102 -0.00111202 1 -1.662e-05 0.00124098 1.838e-05 0.999999 0.11911 0.308442 -0.422539
FixedParameters: 0 0 0

#Transform 191
Transform: AffineTransform_float_3_3
Parameters: 0.999998 0.00123597 -0.00166502 -0.00123603 0.999999 -1.5942e-05 0.00166498 1.80579e-05 0.999998 0.0638744 0.389035 -0.56219
FixedParameters: 0 0 0

#Transform 192
Transform: AffineTransform_float_3_3
Parameters: 0.999998 0.00113041 -0.00124062 -0.00112959 1 0.000334402 0.00124138 -0.000332597 0.999999 0.118438 0.360257 -0.544897
FixedParameters: 0 0 0

