# transform file /out/sourcedata/freesurfer/sub-v1s0x0050647_ses-1/mri/transforms/cc_up.lta
# created by oesteban on Wed Mar 11 22:06:03 2026

type      = 0 # LINEAR_VOX_TO_VOX
nxforms   = 1
mean      = 130.0000 106.0000 111.0000
sigma     = 10000.0000
1 4 4
9.994766116142273e-01 3.168998286128044e-02 -6.500439718365669e-03 -4.956355571746826e+00 
-3.168931230902672e-02 9.994977116584778e-01 2.061023260466754e-04 4.817329406738281e+01 
6.503706332296133e-03 1.455191522836685e-11 9.999788403511047e-01 2.915008926391602e+01 
0.000000000000000e+00 0.000000000000000e+00 0.000000000000000e+00 1.000000000000000e+00 
src volume info
valid = 1  # volume info valid
filename = /out/sourcedata/freesurfer/sub-v1s0x0050647_ses-1/mri/norm.mgz
volume = 256 256 256
voxelsize = 1.000000000000000e+00 1.000000000000000e+00 1.000000000000000e+00
xras   = -1.000000000000000e+00 0.000000000000000e+00 0.000000000000000e+00
yras   = 0.000000000000000e+00 0.000000000000000e+00 -1.000000000000000e+00
zras   = 0.000000000000000e+00 1.000000000000000e+00 0.000000000000000e+00
cras   = 5.421310424804688e+00 -1.250000000000000e+01 1.739467620849609e+01
dst volume info
valid = 1  # volume info valid
filename = /out/sourcedata/freesurfer/sub-v1s0x0050647_ses-1/mri/norm.mgz
volume = 256 256 256
voxelsize = 1.000000000000000e+00 1.000000000000000e+00 1.000000000000000e+00
xras   = -1.000000000000000e+00 0.000000000000000e+00 0.000000000000000e+00
yras   = 0.000000000000000e+00 0.000000000000000e+00 -1.000000000000000e+00
zras   = 0.000000000000000e+00 1.000000000000000e+00 0.000000000000000e+00
cras   = 5.421310424804688e+00 -1.250000000000000e+01 1.739467620849609e+01
