#Insight Transform File V1.0
#Transform 0
Transform: AffineTransform_float_3_3
Parameters: 0.999999 -0.000618798 -0.000476262 0.000619201 0.999999 0.000423705 0.000475737 -0.000424294 1 -0.354321 -0.199347 -0.265238
FixedParameters: 0 0 0

#Transform 1
Transform: AffineTransform_float_3_3
Parameters: 1 -0.000566 -1.2735e-07 0.000566 1 0.000225 -1.2735e-07 -0.000225 1 -0.206295 -0.198665 -0.0763762
FixedParameters: 0 0 0

#Transform 2
Transform: AffineTransform_float_3_3
Parameters: 0.999999 -0.000826999 2.67121e-07 0.000826999 0.999999 -0.000323 2.67121e-07 0.000323 1 -0.276165 -0.257488 0.103356
FixedParameters: 0 0 0

#Transform 3
Transform: AffineTransform_float_3_3
Parameters: 1 -0.000565888 -0.000328193 0.000566112 1 0.000341814 0.000327806 -0.000342185 1 -0.251866 -0.210331 -0.237974
FixedParameters: 0 0 0

#Transform 4
Transform: AffineTransform_float_3_3
Parameters: 0.999999 -0.000871002 -7.65333e-06 0.000870996 0.999999 -0.000398007 8.34665e-06 0.000397993 1 -0.245379 -0.328937 0.118903
FixedParameters: 0 0 0

#Transform 5
Transform: AffineTransform_float_3_3
Parameters: 1 -0.000619983 -0.000143072 0.000620016 1 0.000116911 0.000142928 -0.000116089 1 -0.20885 -0.275536 -0.102896
FixedParameters: 0 0 0

#Transform 6
Transform: AffineTransform_float_3_3
Parameters: 1 -0.000566003 -8.77133e-06 0.000565996 1 -0.000404005 9.22866e-06 0.000403995 1 -0.154369 -0.245 0.135933
FixedParameters: 0 0 0

#Transform 7
Transform: AffineTransform_float_3_3
Parameters: 0.999999 -0.00056595 -0.000426066 0.00056605 1 0.000116759 0.000425934 -0.000117241 1 -0.268201 -0.22301 -0.186938
FixedParameters: 0 0 0

#Transform 8
Transform: AffineTransform_float_3_3
Parameters: 0.999999 -0.000625045 -0.000425934 0.000624955 1 -0.000105266 0.000426066 0.000105734 1 -0.292399 -0.260498 -0.0838599
FixedParameters: 0 0 0

#Transform 9
Transform: AffineTransform_float_3_3
Parameters: 1 -0.000566014 -0.000138941 0.000565985 1 -0.000105079 0.000139059 0.000104921 1 -0.198384 -0.230276 -0.000180812
FixedParameters: 0 0 0

#Transform 10
Transform: AffineTransform_float_3_3
Parameters: 1 -0.000509021 -0.000200946 0.000508979 1 -0.000105102 0.000201053 0.000104898 1 -0.205254 -0.221406 -0.034152
FixedParameters: 0 0 0

#Transform 11
Transform: AffineTransform_float_3_3
Parameters: 1 -0.000565996 1.71228e-05 0.000566003 1 -0.00021699 -1.68772e-05 0.00021701 1 -0.188899 -0.192383 0.0710399
FixedParameters: 0 0 0

#Transform 12
Transform: AffineTransform_float_3_3
Parameters: 1 -0.000565975 0.000233059 0.000566024 1 -0.000104868 -0.00023294 0.000105132 1 -0.143733 -0.175067 0.0556709
FixedParameters: 0 0 0

#Transform 13
Transform: AffineTransform_float_3_3
Parameters: 1 -0.000565992 7.10594e-05 0.000566007 1 -0.00010496 -7.09405e-05 0.00010504 1 -0.183972 -0.235083 0.0317022
FixedParameters: 0 0 0

#Transform 14
Transform: AffineTransform_float_3_3
Parameters: 1 -0.000566 -7.45866e-07 0.000565999 0.999999 -0.000449 1.25413e-06 0.000448999 1 -0.195982 -0.240046 0.151302
FixedParameters: 0 0 0

#Transform 15
Transform: AffineTransform_float_3_3
Parameters: 1 -0.000326998 -4.6016e-05 0.000327002 1 4.8985e-05 4.5984e-05 -4.9015e-05 1 -0.11216 -0.11866 -0.0620268
FixedParameters: 0 0 0

#Transform 16
Transform: AffineTransform_float_3_3
Parameters: 1 -0.000173884 -0.000426047 0.000174116 1 0.000271926 0.000425953 -0.000272074 1 -0.156638 0.00142446 -0.235946
FixedParameters: 0 0 0

#Transform 17
Transform: AffineTransform_float_3_3
Parameters: 1 -0.000136921 0.000174062 0.000137079 1 -0.000451976 -0.000173938 0.000452024 1 0.00446194 -0.119742 0.216734
FixedParameters: 0 0 0

#Transform 18
Transform: AffineTransform_float_3_3
Parameters: 1 -3.99989e-05 -5.40008e-05 4.00011e-05 1 1.99978e-05 5.39992e-05 -2.00022e-05 1 -0.033672 -0.0402234 -0.0189811
FixedParameters: 0 0 0

#Transform 19
Transform: AffineTransform_float_3_3
Parameters: 1 -0.000273102 -0.000248888 0.000272898 1 -0.000411068 0.000249112 0.000410932 1 -0.17891 -0.149226 0.1099
FixedParameters: 0 0 0

#Transform 20
Transform: AffineTransform_float_3_3
Parameters: 1 -2.6972e-05 0.000176004 2.7028e-05 1 -0.000158995 -0.000175996 0.000159005 1 0.037961 -0.0333968 0.104399
FixedParameters: 0 0 0

#Transform 21
Transform: AffineTransform_float_3_3
Parameters: 1 -0.000123114 0.00035496 0.000122886 1 0.000322044 -0.00035504 -0.000321956 1 0.0433123 0.0241173 -0.0229741
FixedParameters: 0 0 0

#Transform 22
Transform: AffineTransform_float_3_3
Parameters: 1 -7.49505e-05 0.000178021 7.50495e-05 1 -0.000277987 -0.000177979 0.000278013 1 0.0130102 -0.0549161 0.154983
FixedParameters: 0 0 0

#Transform 23
Transform: AffineTransform_float_3_3
Parameters: 1 -3.81868e-05 0.000472985 3.78132e-05 1 0.000395018 -0.000473015 -0.000394982 1 0.0889116 0.0626527 -0.0183556
FixedParameters: 0 0 0

#Transform 24
Transform: AffineTransform_float_3_3
Parameters: 1 -0.000119952 0.000247023 0.000120048 1 -0.00019397 -0.000246977 0.00019403 1 0.00472678 -0.0384423 0.156517
FixedParameters: 0 0 0

#Transform 25
Transform: AffineTransform_float_3_3
Parameters: 1 -4.59307e-05 0.000533006 4.60693e-05 1 -0.000129975 -0.000532994 0.000130024 1 0.101367 -0.0182023 0.195315
FixedParameters: 0 0 0

#Transform 26
Transform: AffineTransform_float_3_3
Parameters: 1 -1.91993e-06 0.000314 1.08007e-06 1 -0.000255 -0.000314 0.000255001 1 0.0689562 -0.0185402 0.179553
FixedParameters: 0 0 0

#Transform 27
Transform: AffineTransform_float_3_3
Parameters: 1 -6.29987e-05 0.00026 6.30013e-05 1 -4.98362e-06 -0.00026 5.01638e-06 1 0.0234122 -0.0434734 0.0506657
FixedParameters: 0 0 0

#Transform 28
Transform: AffineTransform_float_3_3
Parameters: 1 7.70504e-05 0.000259985 -7.69496e-05 1 -0.00019402 -0.000260015 0.00019398 1 0.08659 -0.00525498 0.160312
FixedParameters: 0 0 0

#Transform 29
Transform: AffineTransform_float_3_3
Parameters: 1 0.00033207 0.00025991 -0.000331929 1 -0.000271086 -0.00026009 0.000270914 1 0.180646 0.0505576 0.191748
FixedParameters: 0 0 0

#Transform 30
Transform: AffineTransform_float_3_3
Parameters: 1 0.000221999 8.90013e-05 -0.000222001 1 5.98024e-06 -8.89987e-05 -6.01976e-06 1 0.0934958 0.0504204 0.0319005
FixedParameters: 0 0 0

#Transform 31
Transform: AffineTransform_float_3_3
Parameters: 1 0.000332144 0.000259816 -0.000331856 1 -0.000555086 -0.000260184 0.000554913 1 0.17732 0.0544885 0.307844
FixedParameters: 0 0 0

#Transform 32
Transform: AffineTransform_float_3_3
Parameters: 1 0.000143985 0.000260008 -0.000144015 1 5.79626e-05 -0.000259992 -5.80374e-05 1 0.103537 -0.0106539 0.0674092
FixedParameters: 0 0 0

#Transform 33
Transform: AffineTransform_float_3_3
Parameters: 1 0.000332025 8.99084e-05 -0.000331975 1 -0.00027603 -9.00916e-05 0.00027597 1 0.131039 0.101333 0.129542
FixedParameters: 0 0 0

#Transform 34
Transform: AffineTransform_float_3_3
Parameters: 1 5.5929e-05 0.000260015 -5.6071e-05 1 0.000272985 -0.000259985 -0.000273015 1 0.0594334 0.0619684 -0.0110789
FixedParameters: 0 0 0

#Transform 35
Transform: AffineTransform_float_3_3
Parameters: 1 -7.19774e-05 0.000260006 7.20226e-05 1 -8.69813e-05 -0.000259994 8.70187e-05 1 0.00712037 -0.024422 0.115798
FixedParameters: 0 0 0

#Transform 36
Transform: AffineTransform_float_3_3
Parameters: 1 -8.39743e-05 0.000260008 8.40257e-05 1 -9.89782e-05 -0.000259992 9.90218e-05 1 0.0195526 -0.00519014 0.141115
FixedParameters: 0 0 0

#Transform 37
Transform: AffineTransform_float_3_3
Parameters: 1 3.86818e-06 0.000260002 -4.13182e-06 1 0.000506999 -0.000259998 -0.000507001 1 0.0432839 0.0713736 -0.117948
FixedParameters: 0 0 0

#Transform 38
Transform: AffineTransform_float_3_3
Parameters: 1 -0.000136082 0.000365969 0.000135918 1 0.00022505 -0.000366031 -0.00022495 1 0.0241122 0.0872404 0.0441701
FixedParameters: 0 0 0

#Transform 39
Transform: AffineTransform_float_3_3
Parameters: 1 -0.000186164 0.000259883 0.000185836 1 0.000631048 -0.000260117 -0.000630951 1 -0.0245794 0.0476697 -0.157574
FixedParameters: 0 0 0

#Transform 40
Transform: AffineTransform_float_3_3
Parameters: 1 -0.000186118 0.000259915 0.000185882 1 0.000454048 -0.000260084 -0.000453952 1 -0.0200323 0.16592 -0.0994407
FixedParameters: 0 0 0

#Transform 41
Transform: AffineTransform_float_3_3
Parameters: 1 -0.000186258 0.000259815 0.000185742 0.999999 0.000992048 -0.000260184 -0.000991952 1 -0.00485873 0.165332 -0.305314
FixedParameters: 0 0 0

#Transform 42
Transform: AffineTransform_float_3_3
Parameters: 1 -0.000186247 0.000259823 0.000185753 0.999999 0.000949048 -0.000260177 -0.000948952 1 -0.022281 0.126917 -0.28764
FixedParameters: 0 0 0

#Transform 43
Transform: AffineTransform_float_3_3
Parameters: 1 -0.000186186 0.000259866 0.000185813 0.999999 0.000717048 -0.000260133 -0.000716951 0.999999 -0.00892008 0.243433 -0.19311
FixedParameters: 0 0 0

#Transform 44
Transform: AffineTransform_float_3_3
Parameters: 1 -0.000528311 0.000259368 0.00052769 0.999999 0.00119614 -0.000259631 -0.00119586 1 -0.093437 0.178046 -0.350495
FixedParameters: 0 0 0

#Transform 45
Transform: AffineTransform_float_3_3
Parameters: 1 -0.000312429 0.000259485 0.00031257 0.999998 0.00165108 -0.000260517 -0.00165092 0.999999 -0.023052 0.185779 -0.528032
FixedParameters: 0 0 0

#Transform 46
Transform: AffineTransform_float_3_3
Parameters: 1 -0.000444381 0.000259348 0.000443619 0.999999 0.00146711 -0.000259651 -0.00146788 0.999999 -0.102326 0.269116 -0.461867
FixedParameters: 0 0 0

#Transform 47
Transform: AffineTransform_float_3_3
Parameters: 0.999999 -0.000577813 0.000461985 0.000577187 0.999999 0.00175727 -0.000463015 -0.00175673 0.999999 -0.101684 0.30066 -0.50873
FixedParameters: 0 0 0

#Transform 48
Transform: AffineTransform_float_3_3
Parameters: 0.999999 -0.000187817 0.00089362 0.000186184 0.999998 0.00203317 -0.00089338 -0.00203283 0.999998 0.149356 0.343017 -0.485973
FixedParameters: 0 0 0

#Transform 49
Transform: AffineTransform_float_3_3
Parameters: 0.999999 -0.000384548 0.00083729 0.000383452 0.999998 0.00184832 -0.00083771 -0.00184768 0.999998 0.06641 0.359285 -0.438508
FixedParameters: 0 0 0

#Transform 50
Transform: AffineTransform_float_3_3
Parameters: 0.999999 -0.000439416 0.000804228 0.000438582 0.999999 0.00176035 -0.000805773 -0.00175965 0.999998 0.0451669 0.35545 -0.383485
FixedParameters: 0 0 0

#Transform 51
Transform: AffineTransform_float_3_3
Parameters: 0.999999 -0.00018761 0.000748599 0.000185392 0.999997 0.00214914 -0.0007484 -0.00214986 0.999998 0.108061 0.355881 -0.566552
FixedParameters: 0 0 0

#Transform 52
Transform: AffineTransform_float_3_3
Parameters: 0.999999 -0.000187864 0.000889608 0.000186135 0.999998 0.00209517 -0.000890392 -0.00209483 0.999998 0.143667 0.465831 -0.534112
FixedParameters: 0 0 0

#Transform 53
Transform: AffineTransform_float_3_3
Parameters: 0.999999 -0.000314701 0.000826354 0.0003133 0.999998 0.00205726 -0.000826647 -0.00205774 0.999998 0.0769293 0.415409 -0.540897
FixedParameters: 0 0 0

#Transform 54
Transform: AffineTransform_float_3_3
Parameters: 1 -0.000187399 0.000679616 0.000185601 0.999998 0.00205713 -0.000680383 -0.00205787 0.999997 0.117907 0.402969 -0.567898
FixedParameters: 0 0 0

#Transform 55
Transform: AffineTransform_float_3_3
Parameters: 0.999999 -0.000639913 0.000417604 0.000639088 0.999998 0.00218327 -0.000418396 -0.00218273 0.999997 -0.0957931 0.431165 -0.69453
FixedParameters: 0 0 0

#Transform 56
Transform: AffineTransform_float_3_3
Parameters: 0.999999 -0.000720555 0.000516839 0.000718445 0.999995 0.00300237 -0.000519159 -0.00300163 0.999996 -0.123669 0.361668 -0.920513
FixedParameters: 0 0 0

#Transform 57
Transform: AffineTransform_float_3_3
Parameters: 0.999999 -0.000638248 0.000685915 0.000635751 0.999995 0.00327344 -0.000688084 -0.00327257 0.999995 -0.0634742 0.480665 -1.00516
FixedParameters: 0 0 0

#Transform 58
Transform: AffineTransform_float_3_3
Parameters: 0.999999 -0.000470925 0.000620544 0.000469074 0.999995 0.00309829 -0.000622456 -0.00309871 0.999995 -0.0137489 0.587413 -0.942907
FixedParameters: 0 0 0

#Transform 59
Transform: AffineTransform_float_3_3
Parameters: 0.999999 -0.000638154 0.000686002 0.000635845 0.999995 0.00313644 -0.000687997 -0.00313556 0.999995 -0.0630043 0.470975 -0.947326
FixedParameters: 0 0 0

#Transform 60
Transform: AffineTransform_float_3_3
Parameters: 0.999999 -0.000637819 0.000686314 0.000636182 0.999997 0.00264744 -0.000687687 -0.00264756 0.999997 -0.0904795 0.383488 -0.742144
FixedParameters: 0 0 0

#Transform 61
Transform: AffineTransform_float_3_3
Parameters: 1 -0.000638779 0.00101626 0.000635222 0.999996 0.00273265 -0.00101774 -0.00273135 0.999996 -0.00893659 0.40424 -0.686163
FixedParameters: 0 0 0

#Transform 62
Transform: AffineTransform_float_3_3
Parameters: 0.999999 -0.000639112 0.00109219 0.000635889 0.999995 0.0028467 -0.00109382 -0.0028463 0.999996 0.0245894 0.450533 -0.70248
FixedParameters: 0 0 0

#Transform 63
Transform: AffineTransform_float_3_3
Parameters: 0.999999 -0.000637598 0.00068652 0.000635404 0.999997 0.00232444 -0.000687479 -0.00232456 0.999997 -0.0924721 0.422178 -0.5853
FixedParameters: 0 0 0

#Transform 64
Transform: AffineTransform_float_3_3
Parameters: 0.999999 -0.000637524 0.000686588 0.000635477 0.999998 0.00221744 -0.00068741 -0.00221656 0.999998 -0.0577738 0.213497 -0.578541
FixedParameters: 0 0 0

#Transform 65
Transform: AffineTransform_float_3_3
Parameters: 0.999999 -0.000637989 0.00109985 0.000636011 0.999998 0.0018077 -0.00110115 -0.0018073 0.999998 0.0214305 0.226852 -0.27615
FixedParameters: 0 0 0

#Transform 66
Transform: AffineTransform_float_3_3
Parameters: 0.999999 -0.000638501 0.00125273 0.000635497 0.999998 0.0019968 -0.00125427 -0.0019952 0.999997 0.053262 0.185939 -0.312833
FixedParameters: 0 0 0

#Transform 67
Transform: AffineTransform_float_3_3
Parameters: 1 -0.000637605 0.00101099 0.000635396 0.999999 0.00158664 -0.00101201 -0.00158636 0.999998 -0.0130803 0.173567 -0.211062
FixedParameters: 0 0 0

#Transform 68
Transform: AffineTransform_float_3_3
Parameters: 0.999998 -0.000637191 0.00145148 0.000635809 0.999999 0.000820923 -0.00145152 -0.000820075 0.999998 0.104617 0.0820089 0.269763
FixedParameters: 0 0 0

#Transform 69
Transform: AffineTransform_float_3_3
Parameters: 0.999999 -0.000638238 0.00165414 0.000635763 0.999999 0.00135305 -0.00165486 -0.00135195 0.999997 0.146593 0.0024126 0.0949765
FixedParameters: 0 0 0

#Transform 70
Transform: AffineTransform_float_3_3
Parameters: 0.999999 -0.000637856 0.00165429 0.000636144 0.999999 0.00112205 -0.00165572 -0.00112095 0.999998 0.139532 0.0879372 0.201271
FixedParameters: 0 0 0

#Transform 71
Transform: AffineTransform_float_3_3
Parameters: 0.999998 -0.000518995 0.00165437 0.000517004 0.999999 0.00120586 -0.00165562 -0.00120514 0.999998 0.189171 0.0636488 0.155053
FixedParameters: 0 0 0

#Transform 72
Transform: AffineTransform_float_3_3
Parameters: 0.999998 -0.000637516 0.00176345 0.000635486 1 0.000859123 -0.00176455 -0.000858877 0.999998 0.163783 0.0873979 0.355654
FixedParameters: 0 0 0

#Transform 73
Transform: AffineTransform_float_3_3
Parameters: 0.999999 -0.000511724 0.0017505 0.000510276 1 0.000984895 -0.0017515 -0.000984106 0.999998 0.203811 -0.0287972 0.273484
FixedParameters: 0 0 0

#Transform 74
Transform: AffineTransform_float_3_3
Parameters: 0.999998 -0.000637563 0.00193849 0.000635435 0.999999 0.000807233 -0.00193951 -0.000805765 0.999998 0.198284 -0.0325618 0.404014
FixedParameters: 0 0 0

#Transform 75
Transform: AffineTransform_float_3_3
Parameters: 0.999999 -0.000638074 0.0016542 0.000635926 0.999999 0.00125405 -0.0016548 -0.00125295 0.999998 0.128655 0.0755009 0.141859
FixedParameters: 0 0 0

#Transform 76
Transform: AffineTransform_float_3_3
Parameters: 0.999999 -0.000701182 0.00170652 0.00069982 0.999999 0.000692195 -0.00170649 -0.000691804 0.999999 0.115592 -0.00442467 0.397847
FixedParameters: 0 0 0

#Transform 77
Transform: AffineTransform_float_3_3
Parameters: 0.999999 -0.000637737 0.00170835 0.000635264 1 0.00101709 -0.00170865 -0.00101591 0.999998 0.142041 0.0295711 0.255137
FixedParameters: 0 0 0

#Transform 78
Transform: AffineTransform_float_3_3
Parameters: 0.999999 -0.000637718 0.00173337 0.000635282 1 0.000991103 -0.00173463 -0.000989896 0.999998 0.148118 -0.028226 0.252376
FixedParameters: 0 0 0

#Transform 79
Transform: AffineTransform_float_3_3
Parameters: 0.999999 -0.000637315 0.00171351 0.000635685 0.999999 0.00076809 -0.00171349 -0.000766909 0.999998 0.143407 0.0223777 0.356435
FixedParameters: 0 0 0

#Transform 80
Transform: AffineTransform_float_3_3
Parameters: 0.999999 -0.000637902 0.00165427 0.000636099 0.999999 0.00115005 -0.00165473 -0.00114895 0.999998 0.128724 0.0128414 0.159456
FixedParameters: 0 0 0

#Transform 81
Transform: AffineTransform_float_3_3
Parameters: 0.999998 -0.000638153 0.00186126 0.000635846 0.999999 0.00115719 -0.00186274 -0.00115581 0.999997 0.179147 0.0913431 0.241613
FixedParameters: 0 0 0

#Transform 82
Transform: AffineTransform_float_3_3
Parameters: 0.999998 -0.000636839 0.00153265 0.000636161 0.999999 0.000547975 -0.00153235 -0.000547025 0.999998 0.11388 0.0231723 0.400939
FixedParameters: 0 0 0

#Transform 83
Transform: AffineTransform_float_3_3
Parameters: 0.999999 -0.000638311 0.00166111 0.000635688 0.999999 0.00139106 -0.00166289 -0.00138994 0.999997 0.144198 0.0217662 0.070768
FixedParameters: 0 0 0

#Transform 84
Transform: AffineTransform_float_3_3
Parameters: 0.999998 -0.000637867 0.00193538 0.000636133 1 0.000965233 -0.00193561 -0.000963767 0.999997 0.214622 -0.00438549 0.324814
FixedParameters: 0 0 0

#Transform 85
Transform: AffineTransform_float_3_3
Parameters: 0.999997 -0.0009855 0.00189622 0.0009845 0.999999 0.000791869 -0.00189678 -0.000790133 0.999998 0.0796279 -0.000189351 0.448065
FixedParameters: 0 0 0

#Transform 86
Transform: AffineTransform_float_3_3
Parameters: 0.999998 -0.00110376 0.0017843 0.00110024 0.999998 0.00154697 -0.0017867 -0.00154503 0.999997 0.0138973 -0.0226016 0.0876075
FixedParameters: 0 0 0

#Transform 87
Transform: AffineTransform_float_3_3
Parameters: 0.999998 -0.000622022 0.00198205 0.000618977 0.999998 0.00152523 -0.00198295 -0.00152377 0.999997 0.252138 0.0538244 0.111328
FixedParameters: 0 0 0

#Transform 88
Transform: AffineTransform_float_3_3
Parameters: 0.999999 -0.000557151 0.00175432 0.000554849 0.999999 0.00122598 -0.00175568 -0.00122502 0.999997 0.21887 0.184889 0.186165
FixedParameters: 0 0 0

#Transform 89
Transform: AffineTransform_float_3_3
Parameters: 0.999999 -0.000583904 0.00176704 0.000581097 0.999999 0.00164303 -0.00176796 -0.00164197 0.999997 0.187065 0.0891435 -0.0040315
FixedParameters: 0 0 0

#Transform 90
Transform: AffineTransform_float_3_3
Parameters: 0.999999 -0.000389016 0.00181657 0.000386984 1 0.0011107 -0.00181643 -0.0011093 0.999997 0.271043 0.180657 0.263359
FixedParameters: 0 0 0

#Transform 91
Transform: AffineTransform_float_3_3
Parameters: 0.999999 -0.000342874 0.00183165 0.000341128 1 0.00102263 -0.00183135 -0.00102237 0.999998 0.270562 0.0823145 0.299342
FixedParameters: 0 0 0

#Transform 92
Transform: AffineTransform_float_3_3
Parameters: 0.999999 -0.000122617 0.00183189 0.000121383 0.999999 0.000883223 -0.00183111 -0.000882777 0.999998 0.3549 0.0868233 0.322972
FixedParameters: 0 0 0

#Transform 93
Transform: AffineTransform_float_3_3
Parameters: 0.999999 -0.000155084 0.00183191 0.000153915 1 0.000592283 -0.00183209 -0.000591717 0.999998 0.338559 0.184407 0.453307
FixedParameters: 0 0 0

#Transform 94
Transform: AffineTransform_float_3_3
Parameters: 0.999999 -0.000150949 0.00183184 0.000149053 1 0.00106328 -0.00183116 -0.00106373 0.999998 0.336862 0.125345 0.222674
FixedParameters: 0 0 0

#Transform 95
Transform: AffineTransform_float_3_3
Parameters: 0.999998 -7.75597e-05 0.00192094 7.544e-05 0.999999 0.000812146 -0.00192106 -0.000811852 0.999998 0.365648 0.121659 0.351964
FixedParameters: 0 0 0

#Transform 96
Transform: AffineTransform_float_3_3
Parameters: 0.999999 -0.000159599 0.00183195 0.000158403 1 0.000326291 -0.00183205 -0.000326708 0.999999 0.309052 0.141671 0.563846
FixedParameters: 0 0 0

#Transform 97
Transform: AffineTransform_float_3_3
Parameters: 0.999998 -0.000133501 0.0018979 0.000132498 0.999999 0.000791253 -0.00189811 -0.000790748 0.999998 0.326568 0.121037 0.381027
FixedParameters: 0 0 0

#Transform 98
Transform: AffineTransform_float_3_3
Parameters: 0.999997 -0.000133563 0.00221191 0.000132438 0.999999 0.000706295 -0.00221209 -0.000706706 0.999998 0.403198 0.0599329 0.479287
FixedParameters: 0 0 0

#Transform 99
Transform: AffineTransform_float_3_3
Parameters: 0.999999 -0.000132907 0.00183194 0.000132093 1 0.000495243 -0.00183207 -0.000494757 0.999998 0.310759 0.185819 0.524225
FixedParameters: 0 0 0

#Transform 100
Transform: AffineTransform_float_3_3
Parameters: 0.999999 -0.000133403 0.0018319 0.000131598 0.999999 0.000765242 -0.0018321 -0.000765757 0.999998 0.30809 0.0622786 0.367069
FixedParameters: 0 0 0

#Transform 101
Transform: AffineTransform_float_3_3
Parameters: 0.999998 -1.14016e-05 0.00201099 1.05983e-05 1 0.000697022 -0.00201101 -0.000696978 0.999997 0.39429 0.113697 0.442792
FixedParameters: 0 0 0

#Transform 102
Transform: AffineTransform_float_3_3
Parameters: 0.999998 -0.00013318 0.00189992 0.00013182 1 0.000621251 -0.00190008 -0.000620748 0.999998 0.327196 0.215383 0.478854
FixedParameters: 0 0 0

#Transform 103
Transform: AffineTransform_float_3_3
Parameters: 0.999998 0.00014741 0.00208718 -0.000149592 0.999999 0.00124169 -0.00208682 -0.00124131 0.999997 0.462088 0.257479 0.259351
FixedParameters: 0 0 0

#Transform 104
Transform: AffineTransform_float_3_3
Parameters: 0.999998 0.000102749 0.0022581 -0.000104251 1 0.000996768 -0.0022579 -0.000997235 0.999997 0.487951 0.230173 0.406897
FixedParameters: 0 0 0

#Transform 105
Transform: AffineTransform_float_3_3
Parameters: 0.999999 -0.000132707 0.00183195 0.000132293 1 0.000386243 -0.00183205 -0.000385758 0.999998 0.310854 0.162237 0.568379
FixedParameters: 0 0 0

#Transform 106
Transform: AffineTransform_float_3_3
Parameters: 0.999997 -0.000136045 0.00221275 0.000131954 0.999999 0.0018283 -0.00221324 -0.0018277 0.999996 0.395164 0.305329 0.0752209
FixedParameters: 0 0 0

#Transform 107
Transform: AffineTransform_float_3_3
Parameters: 0.999997 -0.00013535 0.0022028 0.00013165 0.999999 0.00152129 -0.0022022 -0.00152071 0.999997 0.376021 0.279091 0.180143
FixedParameters: 0 0 0

#Transform 108
Transform: AffineTransform_float_3_3
Parameters: 0.999998 -4.82172e-05 0.00224195 4.57825e-05 0.999999 0.000989105 -0.00224205 -0.000988894 0.999997 0.432703 0.289972 0.441411
FixedParameters: 0 0 0

#Transform 109
Transform: AffineTransform_float_3_3
Parameters: 0.999997 7.52413e-05 0.00270011 -7.97581e-05 0.999999 0.00139179 -0.00269989 -0.00139221 0.999996 0.581773 0.252934 0.389222
FixedParameters: 0 0 0

#Transform 110
Transform: AffineTransform_float_3_3
Parameters: 0.999998 -0.000134993 0.00224182 0.000132008 0.999999 0.0013353 -0.00224118 -0.0013347 0.999996 0.38064 0.250811 0.297918
FixedParameters: 0 0 0

#Transform 111
Transform: AffineTransform_float_3_3
Parameters: 0.999998 -0.000133644 0.00232891 0.000132355 0.999999 0.00070631 -0.00232909 -0.00070569 0.999997 0.420709 0.230891 0.604256
FixedParameters: 0 0 0

#Transform 112
Transform: AffineTransform_float_3_3
Parameters: 0.999997 -0.000135479 0.00249781 0.000132524 0.999999 0.00139234 -0.00249719 -0.00139267 0.999996 0.45987 0.212687 0.349312
FixedParameters: 0 0 0

#Transform 113
Transform: AffineTransform_float_3_3
Parameters: 0.999997 -0.000136107 0.00248478 0.000131894 0.999998 0.00165233 -0.00248522 -0.00165267 0.999995 0.453416 0.323149 0.239189
FixedParameters: 0 0 0

#Transform 114
Transform: AffineTransform_float_3_3
Parameters: 0.999998 -0.000350016 0.0023077 0.000347984 0.999999 0.000873805 -0.00230831 -0.000873194 0.999997 0.33812 0.207231 0.548728
FixedParameters: 0 0 0

#Transform 115
Transform: AffineTransform_float_3_3
Parameters: 0.999997 -0.000405209 0.00265636 0.000400789 0.999998 0.00158507 -0.00265764 -0.00158393 0.999995 0.388336 0.159775 0.31883
FixedParameters: 0 0 0

#Transform 116
Transform: AffineTransform_float_3_3
Parameters: 0.999997 -0.000564108 0.00262633 0.000560891 0.999999 0.00118448 -0.00262667 -0.00118252 0.999996 0.305189 0.0864764 0.485167
FixedParameters: 0 0 0

#Transform 117
Transform: AffineTransform_float_3_3
Parameters: 0.999997 -0.000563136 0.00247951 0.000560863 1 0.000862393 -0.00248048 -0.000860606 0.999996 0.286988 0.121226 0.620731
FixedParameters: 0 0 0

#Transform 118
Transform: AffineTransform_float_3_3
Parameters: 0.999996 -0.000481973 0.00275631 0.000478028 0.999999 0.00144132 -0.00275769 -0.00144068 0.999995 0.393697 0.149975 0.453601
FixedParameters: 0 0 0

#Transform 119
Transform: AffineTransform_float_3_3
Parameters: 0.999996 -0.000495314 0.0027104 0.000492686 0.999999 0.00122334 -0.0027106 -0.00122166 0.999995 0.357522 0.100287 0.504628
FixedParameters: 0 0 0

#Transform 120
Transform: AffineTransform_float_3_3
Parameters: 0.999997 -0.000349992 0.00262147 0.000346009 0.999999 0.00152291 -0.00262153 -0.00152209 0.999996 0.397338 0.237003 0.362051
FixedParameters: 0 0 0

#Transform 121
Transform: AffineTransform_float_3_3
Parameters: 0.999997 -0.000537108 0.00268418 0.000532894 0.999998 0.00153044 -0.00268482 -0.00152956 0.999995 0.345628 0.23962 0.389618
FixedParameters: 0 0 0

#Transform 122
Transform: AffineTransform_float_3_3
Parameters: 0.999997 -0.000627839 0.00243076 0.000623161 0.999998 0.00199052 -0.00243224 -0.00198948 0.999995 0.264359 0.325042 0.152455
FixedParameters: 0 0 0

#Transform 123
Transform: AffineTransform_float_3_3
Parameters: 0.999996 -0.000626386 0.00281481 0.000621614 0.999998 0.00191376 -0.00281619 -0.00191224 0.999994 0.340623 0.20334 0.266365
FixedParameters: 0 0 0

#Transform 124
Transform: AffineTransform_float_3_3
Parameters: 0.999995 -0.000594828 0.00287321 0.000591173 0.999999 0.0013327 -0.00287379 -0.0013313 0.999995 0.376177 0.215473 0.564112
FixedParameters: 0 0 0

#Transform 125
Transform: AffineTransform_float_3_3
Parameters: 0.999995 -0.000985603 0.00304051 0.000980397 0.999999 0.00151499 -0.00304249 -0.00151201 0.999994 0.264431 0.0983997 0.572469
FixedParameters: 0 0 0

#Transform 126
Transform: AffineTransform_float_3_3
Parameters: 0.999995 -0.000602602 0.00303689 0.000597396 0.999998 0.00184582 -0.00303811 -0.00184318 0.999993 0.41094 0.15046 0.403804
FixedParameters: 0 0 0

#Transform 127
Transform: AffineTransform_float_3_3
Parameters: 0.999995 -0.000603877 0.00303804 0.00059912 0.999998 0.00160683 -0.00303897 -0.00160417 0.999994 0.412741 0.195344 0.510499
FixedParameters: 0 0 0

#Transform 128
Transform: AffineTransform_float_3_3
Parameters: 0.999995 -0.000707044 0.00283775 0.000701956 0.999998 0.001778 -0.00283925 -0.001776 0.999995 0.331346 0.239343 0.394729
FixedParameters: 0 0 0

#Transform 129
Transform: AffineTransform_float_3_3
Parameters: 0.999995 -0.000443816 0.00313918 0.000438187 0.999998 0.00185239 -0.00313982 -0.00185162 0.999994 0.50286 0.19846 0.404822
FixedParameters: 0 0 0

#Transform 130
Transform: AffineTransform_float_3_3
Parameters: 0.999995 -0.000475514 0.00313917 0.000470488 0.999999 0.00175649 -0.00313983 -0.00175552 0.999993 0.481159 0.23633 0.456064
FixedParameters: 0 0 0

#Transform 131
Transform: AffineTransform_float_3_3
Parameters: 0.999995 -0.000456125 0.00313926 0.000450874 0.999998 0.00163342 -0.00313974 -0.00163157 0.999993 0.497875 0.241431 0.509643
FixedParameters: 0 0 0

#Transform 132
Transform: AffineTransform_float_3_3
Parameters: 0.999994 -0.000539701 0.0032649 0.000533296 0.999997 0.00205375 -0.0032661 -0.00205125 0.999992 0.489541 0.32194 0.39741
FixedParameters: 0 0 0

#Transform 133
Transform: AffineTransform_float_3_3
Parameters: 0.999995 -0.000988079 0.00295264 0.00098092 0.999996 0.00239791 -0.00295536 -0.00239509 0.999993 0.275108 0.309837 0.173272
FixedParameters: 0 0 0

#Transform 134
Transform: AffineTransform_float_3_3
Parameters: 0.999996 -0.000867288 0.0026863 0.000861712 0.999997 0.00196932 -0.0026877 -0.00196668 0.999995 0.283816 -0.0293404 0.094295
FixedParameters: 0 0 0

#Transform 135
Transform: AffineTransform_float_3_3
Parameters: 0.999995 -0.000866505 0.0027876 0.000861495 0.999999 0.00161741 -0.00278839 -0.00161459 0.999995 0.329759 0.0335448 0.317268
FixedParameters: 0 0 0

#Transform 136
Transform: AffineTransform_float_3_3
Parameters: 0.999996 -0.000711144 0.00278769 0.000705855 0.999998 0.00184598 -0.00278931 -0.00184402 0.999995 0.374892 0.144132 0.257079
FixedParameters: 0 0 0

#Transform 137
Transform: AffineTransform_float_3_3
Parameters: 0.999996 -0.00057701 0.00268693 0.000571991 0.999998 0.00186454 -0.00268807 -0.00186346 0.999994 0.384176 0.189486 0.20095
FixedParameters: 0 0 0

#Transform 138
Transform: AffineTransform_float_3_3
Parameters: 0.999996 -0.000536965 0.00268701 0.000532034 0.999998 0.00184844 -0.00268799 -0.00184656 0.999994 0.397764 0.225886 0.228696
FixedParameters: 0 0 0

#Transform 139
Transform: AffineTransform_float_3_3
Parameters: 0.999996 -0.00026923 0.00288352 0.00026477 0.999999 0.00181377 -0.00288448 -0.00181323 0.999994 0.539637 0.382345 0.359922
FixedParameters: 0 0 0

#Transform 140
Transform: AffineTransform_float_3_3
Parameters: 0.999995 -0.000213664 0.00317863 0.000208335 0.999999 0.00178267 -0.00317838 -0.00178133 0.999994 0.6188 0.242899 0.430614
FixedParameters: 0 0 0

#Transform 141
Transform: AffineTransform_float_3_3
Parameters: 0.999995 -0.000576899 0.00317793 0.000571098 0.999998 0.00185783 -0.00317907 -0.00185518 0.999993 0.481211 0.291127 0.411815
FixedParameters: 0 0 0

#Transform 142
Transform: AffineTransform_float_3_3
Parameters: 0.999995 -0.000213351 0.00312064 0.000207651 0.999998 0.00171465 -0.00312036 -0.00171434 0.999993 0.606083 0.24754 0.457061
FixedParameters: 0 0 0

#Transform 143
Transform: AffineTransform_float_3_3
Parameters: 0.999995 -0.000131518 0.00317878 0.000125484 0.999998 0.00173541 -0.00317922 -0.00173559 0.999994 0.638214 0.325118 0.481289
FixedParameters: 0 0 0

#Transform 144
Transform: AffineTransform_float_3_3
Parameters: 0.999995 6.88481e-05 0.00317914 -7.51509e-05 0.999998 0.00193477 -0.00317886 -0.00193523 0.999993 0.702651 0.439257 0.40962
FixedParameters: 0 0 0

#Transform 145
Transform: AffineTransform_float_3_3
Parameters: 0.999993 1.09584e-05 0.00380003 -1.80413e-05 0.999999 0.00185295 -0.00379997 -0.00185306 0.999991 0.831854 0.362088 0.616626
FixedParameters: 0 0 0

#Transform 146
Transform: AffineTransform_float_3_3
Parameters: 0.999993 -0.000150508 0.00379975 0.000143489 0.999998 0.00171356 -0.00380025 -0.00171244 0.999992 0.777228 0.330694 0.682207
FixedParameters: 0 0 0

#Transform 147
Transform: AffineTransform_float_3_3
Parameters: 0.999994 -0.000170491 0.00340968 0.000164508 0.999998 0.00190457 -0.00340932 -0.00190343 0.999993 0.67858 0.360336 0.480518
FixedParameters: 0 0 0

#Transform 148
Transform: AffineTransform_float_3_3
Parameters: 0.999993 -9.12108e-05 0.00356282 8.37877e-05 0.999998 0.00202431 -0.00356317 -0.00202369 0.999991 0.748529 0.398565 0.475945
FixedParameters: 0 0 0

#Transform 149
Transform: AffineTransform_float_3_3
Parameters: 0.999993 -6.27854e-05 0.00369589 5.52155e-05 0.999999 0.00183622 -0.00369511 -0.00183578 0.999992 0.792609 0.395988 0.591584
FixedParameters: 0 0 0

#Transform 150
Transform: AffineTransform_float_3_3
Parameters: 0.999995 2.71216e-05 0.00332305 -3.1878e-05 0.999999 0.0014679 -0.00332296 -0.0014681 0.999994 0.732385 0.283109 0.611642
FixedParameters: 0 0 0

#Transform 151
Transform: AffineTransform_float_3_3
Parameters: 0.999994 -0.000159592 0.00347679 0.000155409 0.999999 0.00132055 -0.00347721 -0.00132045 0.999993 0.69511 0.240272 0.716854
FixedParameters: 0 0 0

#Transform 152
Transform: AffineTransform_float_3_3
Parameters: 0.999993 1.71901e-05 0.00354702 -2.18096e-05 0.999999 0.00135593 -0.00354697 -0.00135607 0.999993 0.775151 0.287607 0.744079
FixedParameters: 0 0 0

#Transform 153
Transform: AffineTransform_float_3_3
Parameters: 0.999993 -0.000136577 0.0037998 0.000131424 0.999999 0.00146751 -0.00380019 -0.00146749 0.999991 0.787834 0.236741 0.767175
FixedParameters: 0 0 0

#Transform 154
Transform: AffineTransform_float_3_3
Parameters: 0.999993 7.6594e-05 0.00360809 -8.04048e-05 1 0.00122072 -0.0036079 -0.00122128 0.999992 0.814752 0.307303 0.816635
FixedParameters: 0 0 0

#Transform 155
Transform: AffineTransform_float_3_3
Parameters: 0.999993 -8.03042e-05 0.00379989 7.46945e-05 0.999999 0.00139629 -0.00380011 -0.0013957 0.999992 0.797615 0.252825 0.797114
FixedParameters: 0 0 0

#Transform 156
Transform: AffineTransform_float_3_3
Parameters: 0.999993 4.21546e-05 0.00380006 -4.68485e-05 0.999999 0.00127583 -0.00379994 -0.00127517 0.999992 0.846803 0.293549 0.863366
FixedParameters: 0 0 0

#Transform 157
Transform: AffineTransform_float_3_3
Parameters: 0.999993 7.58585e-05 0.00380013 -8.21439e-05 0.999998 0.0016167 -0.00379987 -0.0016163 0.999992 0.85057 0.352124 0.712193
FixedParameters: 0 0 0

#Transform 158
Transform: AffineTransform_float_3_3
Parameters: 0.999993 9.47524e-05 0.00369311 -9.82463e-05 1 0.00114964 -0.00369289 -0.00115036 0.999992 0.832097 0.225412 0.856524
FixedParameters: 0 0 0

#Transform 159
Transform: AffineTransform_float_3_3
Parameters: 0.999993 -0.000116498 0.00379983 0.0001115 0.999999 0.00144743 -0.00380016 -0.00144657 0.999991 0.775561 0.322987 0.787121
FixedParameters: 0 0 0

#Transform 160
Transform: AffineTransform_float_3_3
Parameters: 0.999993 -7.30224e-05 0.00379989 6.69764e-05 0.999998 0.00158526 -0.00380011 -0.00158473 0.999991 0.788478 0.278604 0.722449
FixedParameters: 0 0 0

#Transform 161
Transform: AffineTransform_float_3_3
Parameters: 0.999993 -0.000223345 0.00379969 0.000218652 0.999999 0.00140784 -0.00380031 -0.00140616 0.999992 0.742606 0.207737 0.809796
FixedParameters: 0 0 0

#Transform 162
Transform: AffineTransform_float_3_3
Parameters: 0.999993 2.65333e-06 0.00380001 -8.34657e-06 0.999999 0.00140698 -0.00379999 -0.00140702 0.999992 0.828825 0.302758 0.791876
FixedParameters: 0 0 0

#Transform 163
Transform: AffineTransform_float_3_3
Parameters: 0.999993 6.10671e-05 0.00380008 -6.59319e-05 0.999999 0.00129776 -0.00379992 -0.00129824 0.999992 0.853004 0.254136 0.854584
FixedParameters: 0 0 0

#Transform 164
Transform: AffineTransform_float_3_3
Parameters: 0.999993 -7.34658e-06 0.00379999 1.65334e-06 0.999999 0.00140702 -0.0038 -0.00140698 0.999992 0.818552 0.27866 0.793512
FixedParameters: 0 0 0

#Transform 165
Transform: AffineTransform_float_3_3
Parameters: 0.999993 -5.52765e-05 0.00367491 4.87226e-05 0.999998 0.00170819 -0.00367509 -0.00170781 0.999992 0.777641 0.312975 0.643981
FixedParameters: 0 0 0

#Transform 166
Transform: AffineTransform_float_3_3
Parameters: 0.999993 2.27601e-05 0.00380004 -2.92394e-05 0.999998 0.0016419 -0.00379996 -0.0016421 0.999992 0.83494 0.33815 0.716684
FixedParameters: 0 0 0

#Transform 167
Transform: AffineTransform_float_3_3
Parameters: 0.999994 0.000134677 0.00352021 -0.000140325 0.999999 0.00151251 -0.00351979 -0.00151248 0.999992 0.810715 0.408158 0.684282
FixedParameters: 0 0 0

#Transform 168
Transform: AffineTransform_float_3_3
Parameters: 0.999994 7.63815e-05 0.00353113 -8.16172e-05 0.999998 0.00159072 -0.00353088 -0.00159128 0.999993 0.786786 0.29399 0.63588
FixedParameters: 0 0 0

#Transform 169
Transform: AffineTransform_float_3_3
Parameters: 0.999993 2.23052e-05 0.00354804 -2.76944e-05 0.999998 0.00160491 -0.00354796 -0.00160509 0.999993 0.776928 0.358528 0.638505
FixedParameters: 0 0 0

#Transform 170
Transform: AffineTransform_float_3_3
Parameters: 0.999994 -5.50968e-05 0.00361493 4.99025e-05 0.999999 0.00141019 -0.00361508 -0.00140981 0.999993 0.767172 0.278917 0.744341
FixedParameters: 0 0 0

#Transform 171
Transform: AffineTransform_float_3_3
Parameters: 0.999994 -6.52918e-06 0.003669 4.70769e-07 0.999999 0.00150701 -0.00366901 -0.00150699 0.999992 0.80441 0.285687 0.714516
FixedParameters: 0 0 0

#Transform 172
Transform: AffineTransform_float_3_3
Parameters: 0.999994 -0.000159424 0.00347975 0.000153577 0.999999 0.00155854 -0.00348024 -0.00155845 0.999992 0.700248 0.342948 0.628736
FixedParameters: 0 0 0

#Transform 173
Transform: AffineTransform_float_3_3
Parameters: 0.999994 -2.98965e-05 0.00365796 2.41031e-05 0.999998 0.0016121 -0.00365804 -0.0016119 0.999992 0.821477 0.311437 0.636653
FixedParameters: 0 0 0

#Transform 174
Transform: AffineTransform_float_3_3
Parameters: 0.999996 -0.000574888 0.00249311 0.000571113 0.999998 0.00155943 -0.00249389 -0.00155857 0.999995 0.362796 -0.0369609 0.316916
FixedParameters: 0 0 0

#Transform 175
Transform: AffineTransform_float_3_3
Parameters: 0.999998 -0.00057361 0.00189721 0.000570392 0.999999 0.00137509 -0.00189779 -0.00137491 0.999998 0.236308 0.115229 0.116939
FixedParameters: 0 0 0

#Transform 176
Transform: AffineTransform_float_3_3
Parameters: 0.999997 -0.000142563 0.00244579 0.000139436 0.999999 0.00145735 -0.00244621 -0.00145666 0.999996 0.573729 0.257099 0.299627
FixedParameters: 0 0 0

#Transform 177
Transform: AffineTransform_float_3_3
Parameters: 0.999998 -0.0001796 0.00229565 0.000175398 0.999998 0.00200441 -0.00229636 -0.00200359 0.999996 0.522104 0.464625 0.0466053
FixedParameters: 0 0 0

#Transform 178
Transform: AffineTransform_float_3_3
Parameters: 0.999998 -0.000121578 0.00210574 0.000116423 0.999997 0.00217325 -0.00210626 -0.00217375 0.999996 0.490842 0.433418 -0.0923375
FixedParameters: 0 0 0

#Transform 179
Transform: AffineTransform_float_3_3
Parameters: 0.999996 -0.000162983 0.00257663 0.000157015 0.999998 0.00232241 -0.00257737 -0.00232159 0.999994 0.58432 0.481461 -0.0246827
FixedParameters: 0 0 0

#Transform 180
Transform: AffineTransform_float_3_3
Parameters: 0.999997 -0.000486828 0.00244004 0.000481171 0.999998 0.00197918 -0.00244096 -0.00197782 0.999995 0.430018 0.421501 0.082947
FixedParameters: 0 0 0

#Transform 181
Transform: AffineTransform_float_3_3
Parameters: 0.999995 -0.000211618 0.00307555 0.000204384 0.999997 0.00215164 -0.00307545 -0.00215136 0.999993 0.702754 0.361135 0.258619
FixedParameters: 0 0 0

#Transform 182
Transform: AffineTransform_float_3_3
Parameters: 0.999994 -0.000205679 0.00325552 0.000198323 0.999997 0.00235866 -0.00325548 -0.00235834 0.999992 0.733489 0.454128 0.211927
FixedParameters: 0 0 0

#Transform 183
Transform: AffineTransform_float_3_3
Parameters: 0.999994 -0.000374541 0.00325514 0.000366458 0.999997 0.00231721 -0.00325586 -0.00231579 0.999992 0.663992 0.401907 0.2225
FixedParameters: 0 0 0

#Transform 184
Transform: AffineTransform_float_3_3
Parameters: 0.999994 -5.78177e-05 0.00325589 5.11815e-05 0.999998 0.00209418 -0.00325611 -0.00209382 0.999993 0.78255 0.479759 0.313562
FixedParameters: 0 0 0

#Transform 185
Transform: AffineTransform_float_3_3
Parameters: 0.999995 3.00597e-05 0.00334307 -3.69398e-05 0.999998 0.00207589 -0.00334293 -0.00207611 0.999993 0.830405 0.491076 0.346167
FixedParameters: 0 0 0

#Transform 186
Transform: AffineTransform_float_3_3
Parameters: 0.999996 5.19155e-05 0.00300611 -5.80838e-05 0.999998 0.00202384 -0.00300589 -0.00202417 0.999994 0.741543 0.47243 0.263111
FixedParameters: 0 0 0

#Transform 187
Transform: AffineTransform_float_3_3
Parameters: 0.999994 -9.91829e-05 0.00325585 9.38157e-05 0.999998 0.00159231 -0.00325615 -0.00159169 0.999994 0.740702 0.370064 0.502808
FixedParameters: 0 0 0

#Transform 188
Transform: AffineTransform_float_3_3
Parameters: 0.999994 0.000238004 0.00325644 -0.000243996 0.999999 0.00184122 -0.00325556 -0.00184179 0.999993 0.855563 0.529331 0.367997
FixedParameters: 0 0 0

#Transform 189
Transform: AffineTransform_float_3_3
Parameters: 0.999994 0.000228153 0.00325634 -0.000232847 0.999999 0.00148825 -0.00325565 -0.00148875 0.999993 0.846682 0.422174 0.531941
FixedParameters: 0 0 0

#Transform 190
Transform: AffineTransform_float_3_3
Parameters: 0.999993 0.000350582 0.00353724 -0.000353417 0.999999 0.000682754 -0.00353676 -0.000684244 0.999993 0.941736 0.348126 0.963715
FixedParameters: 0 0 0

#Transform 191
Transform: AffineTransform_float_3_3
