# transform file /out/sourcedata/freesurfer/sub-v1s0x0050656_ses-1/mri/transforms/cc_up.lta
# created by oesteban on Wed Mar 11 22:30:23 2026

type      = 0 # LINEAR_VOX_TO_VOX
nxforms   = 1
mean      = 130.0000 106.0000 94.0000
sigma     = 10000.0000
1 4 4
9.958878159523010e-01 8.988007903099060e-02 -1.135795097798109e-02 -9.679764747619629e+00 
-8.987423032522202e-02 9.959525465965271e-01 1.025002100504935e-03 5.407546997070312e+01 
1.140410825610161e-02 0.000000000000000e+00 9.999349713325500e-01 3.750613021850586e+01 
0.000000000000000e+00 0.000000000000000e+00 0.000000000000000e+00 1.000000000000000e+00 
src volume info
valid = 1  # volume info valid
filename = /out/sourcedata/freesurfer/sub-v1s0x0050656_ses-1/mri/norm.mgz
volume = 256 256 256
voxelsize = 1.000000000000000e+00 1.000000000000000e+00 1.000000000000000e+00
xras   = -1.000000000000000e+00 0.000000000000000e+00 0.000000000000000e+00
yras   = 0.000000000000000e+00 0.000000000000000e+00 -1.000000000000000e+00
zras   = 0.000000000000000e+00 1.000000000000000e+00 0.000000000000000e+00
cras   = -7.369247436523438e+00 1.000000000000000e+00 3.421310424804688e+00
dst volume info
valid = 1  # volume info valid
filename = /out/sourcedata/freesurfer/sub-v1s0x0050656_ses-1/mri/norm.mgz
volume = 256 256 256
voxelsize = 1.000000000000000e+00 1.000000000000000e+00 1.000000000000000e+00
xras   = -1.000000000000000e+00 0.000000000000000e+00 0.000000000000000e+00
yras   = 0.000000000000000e+00 0.000000000000000e+00 -1.000000000000000e+00
zras   = 0.000000000000000e+00 1.000000000000000e+00 0.000000000000000e+00
cras   = -7.369247436523438e+00 1.000000000000000e+00 3.421310424804688e+00
