#Insight Transform File V1.0
#Transform 0
Transform: AffineTransform_float_3_3
Parameters: 1 -0.00019232 0.00104876 0.00019068 0.999999 0.0012582 -0.00104924 -0.0012578 0.999998 0.0198485 0.0531158 -0.168514
FixedParameters: 0 0 0

#Transform 1
Transform: AffineTransform_float_3_3
Parameters: 0.999999 -8.7696e-05 0.000974937 8.63037e-05 0.999999 0.000714084 -0.000975062 -0.000713915 1 0.051093 -0.0959439 0.0204979
FixedParameters: 0 0 0

#Transform 2
Transform: AffineTransform_float_3_3
Parameters: 1 -9.83076e-05 0.00105697 9.76924e-05 1 0.000291104 -0.00105703 -0.000290896 1 0.0512728 0.0810091 0.142042
FixedParameters: 0 0 0

#Transform 3
Transform: AffineTransform_float_3_3
Parameters: 1 -0.000260461 0.00105013 0.000261539 1 -0.000512726 -0.00105087 0.000513274 1 -0.0189624 0.0528223 0.481734
FixedParameters: 0 0 0

#Transform 4
Transform: AffineTransform_float_3_3
Parameters: 1 -0.000605099 0.000750116 0.000603902 0.999998 0.00146345 -0.000750885 -0.00146355 0.999998 -0.186621 -0.147836 -0.35178
FixedParameters: 0 0 0

#Transform 5
Transform: AffineTransform_float_3_3
Parameters: 1 -0.000354064 2.51092e-05 0.000353936 0.999997 0.00251601 -2.58906e-05 -0.00251599 0.999997 -0.113986 0.0653276 -1.04278
FixedParameters: 0 0 0

#Transform 6
Transform: AffineTransform_float_3_3
Parameters: 1 -0.000411028 7.68504e-05 0.000410972 1 0.000364032 -7.71496e-05 -0.000363968 1 -0.13504 -0.0237219 -0.173355
FixedParameters: 0 0 0

#Transform 7
Transform: AffineTransform_float_3_3
Parameters: 1 -0.000252962 0.000634015 0.000253038 1 -5.98396e-05 -0.000633985 6.01604e-05 1 -0.0110283 0.0351824 0.201725
FixedParameters: 0 0 0

#Transform 8
Transform: AffineTransform_float_3_3
Parameters: 1 -0.00019011 0.000304932 0.00018989 1 0.000360058 -0.000305068 -0.000359942 1 -0.0254669 -0.0687117 -0.10991
FixedParameters: 0 0 0

#Transform 9
Transform: AffineTransform_float_3_3
Parameters: 1 -3.36278e-05 0.000443028 3.33721e-05 0.999999 -0.000839985 -0.000442972 0.000840014 0.999999 0.0436029 0.0240971 0.457792
FixedParameters: 0 0 0

#Transform 10
Transform: AffineTransform_float_3_3
Parameters: 1 1.98368e-06 0.000212 -2.01632e-06 1 7.69996e-05 -0.000212 -7.70004e-05 1 0.0498015 -0.0340251 0.0208931
FixedParameters: 0 0 0

#Transform 11
Transform: AffineTransform_float_3_3
Parameters: 1 0.000198033 0.00033098 -0.000197967 1 -9.90655e-05 -0.00033102 9.89344e-05 1 0.147752 0.0995322 0.112475
FixedParameters: 0 0 0

#Transform 12
Transform: AffineTransform_float_3_3
Parameters: 1 -0.000114805 0.000331068 0.000114195 1 -0.000588962 -0.000330933 0.000589038 1 0.00647534 0.0210447 0.338933
FixedParameters: 0 0 0

#Transform 13
Transform: AffineTransform_float_3_3
Parameters: 1 -0.000126077 0.00019695 0.000125923 1 0.000393025 -0.000196049 -0.000392975 1 -0.0134535 -0.0700328 -0.127257
FixedParameters: 0 0 0

#Transform 14
Transform: AffineTransform_float_3_3
Parameters: 1 -0.000150841 0.000331072 0.000151158 1 -0.00047895 -0.000330928 0.00047905 1 -0.0136723 0.0419029 0.279708
FixedParameters: 0 0 0

#Transform 15
Transform: AffineTransform_float_3_3
Parameters: 1 -0.000206078 0.00026694 0.000205922 1 0.000293055 -0.00026706 -0.000292945 1 -0.0854275 -0.0796407 -0.0209296
FixedParameters: 0 0 0

#Transform 16
Transform: AffineTransform_float_3_3
Parameters: 1 -0.000137932 0.000515018 0.000138067 1 -0.000130929 -0.000514982 0.000131071 1 -0.0175786 0.0615986 0.184367
FixedParameters: 0 0 0

#Transform 17
Transform: AffineTransform_float_3_3
Parameters: 1 0.000275271 0.000561867 -0.000274729 1 -0.000482154 -0.000562132 0.000482845 0.999999 0.153645 0.072762 0.391497
FixedParameters: 0 0 0

#Transform 18
Transform: AffineTransform_float_3_3
Parameters: 1 0.000275163 0.000230806 -0.000274837 0.999999 -0.000704063 -0.000231194 0.000704936 0.999999 0.130261 0.132561 0.330181
FixedParameters: 0 0 0

#Transform 19
Transform: AffineTransform_float_3_3
Parameters: 1 0.000275317 0.000426795 -0.000274683 0.999999 -0.000743117 -0.000427204 0.000742882 0.999999 0.14099 0.0751102 0.445309
FixedParameters: 0 0 0

#Transform 20
Transform: AffineTransform_float_3_3
Parameters: 1 0.000275 -3.60014e-05 -0.000275 1 -4.9901e-06 3.59986e-05 5.0099e-06 1 0.103102 0.068791 -0.0182136
FixedParameters: 0 0 0

#Transform 21
Transform: AffineTransform_float_3_3
Parameters: 1 -0.000131844 0.000251082 0.000132156 1 -0.000621967 -0.000250918 0.000622033 1 -0.0164493 0.0933061 0.260859
FixedParameters: 0 0 0

#Transform 22
Transform: AffineTransform_float_3_3
Parameters: 1 -0.000178178 0.00021085 0.000177822 0.999999 0.000844037 -0.00021115 -0.000844962 0.999999 -0.0573402 -0.0495029 -0.300656
FixedParameters: 0 0 0

#Transform 23
Transform: AffineTransform_float_3_3
Parameters: 1 0.000321539 0.000211702 -0.000322461 0.999997 0.00218093 -0.000211297 -0.00218107 0.999997 0.159263 0.222224 -0.818894
FixedParameters: 0 0 0

#Transform 24
Transform: AffineTransform_float_3_3
Parameters: 1 2.77538e-05 0.000211033 -2.82462e-05 1 0.00116699 -0.000210967 -0.00116701 1 0.0402274 0.232487 -0.448225
FixedParameters: 0 0 0

#Transform 25
Transform: AffineTransform_float_3_3
Parameters: 1 -0.000190289 0.000445876 0.00018971 1 0.000649084 -0.000446123 -0.000648915 0.999999 -0.0505736 0.167701 -0.153492
FixedParameters: 0 0 0

#Transform 26
Transform: AffineTransform_float_3_3
Parameters: 1 -5.0396e-05 0.000210906 4.96039e-05 0.999998 0.00187701 -0.000211094 -0.00187699 0.999998 -0.0150524 0.071641 -0.75836
FixedParameters: 0 0 0

#Transform 27
Transform: AffineTransform_float_3_3
Parameters: 1 -0.000251355 0.000210577 0.000250644 0.999998 0.00168505 -0.000211423 -0.00168495 0.999998 -0.0988276 0.1319 -0.68234
FixedParameters: 0 0 0

#Transform 28
Transform: AffineTransform_float_3_3
Parameters: 1 -0.000435231 0.00043677 0.000434769 1 0.00052919 -0.00043723 -0.00052881 1 -0.145854 0.0752732 -0.140355
FixedParameters: 0 0 0

#Transform 29
Transform: AffineTransform_float_3_3
Parameters: 0.999999 -0.000648674 0.000517156 0.000648326 0.999999 0.00130134 -0.000517844 -0.00130166 0.999999 -0.226321 -0.109333 -0.39611
FixedParameters: 0 0 0

#Transform 30
Transform: AffineTransform_float_3_3
Parameters: 1 -0.000831513 0.000546222 0.000831489 0.999999 0.000936455 -0.00054678 -0.000936546 1 -0.29772 -0.0875944 -0.25526
FixedParameters: 0 0 0

#Transform 31
Transform: AffineTransform_float_3_3
Parameters: 0.999999 -0.000729255 0.000514638 0.000728744 0.999999 0.000496375 -0.000514362 -0.000496625 0.999999 -0.271754 -0.0646284 -0.0538975
FixedParameters: 0 0 0

#Transform 32
Transform: AffineTransform_float_3_3
Parameters: 0.999999 -0.000729662 0.00053109 0.000729337 0.999999 0.00124739 -0.00053191 -0.00124661 0.999999 -0.277112 -0.117662 -0.398829
FixedParameters: 0 0 0

#Transform 33
Transform: AffineTransform_float_3_3
Parameters: 0.999999 -0.000748053 0.000175771 0.000747946 0.999999 0.000306131 -0.000175229 -0.000305869 1 -0.318216 -0.0515968 -0.130227
FixedParameters: 0 0 0

#Transform 34
Transform: AffineTransform_float_3_3
Parameters: 1 -0.000607181 0.000175374 0.000606819 1 0.00103111 -0.000175626 -0.00103089 1 -0.236293 -0.103657 -0.403286
FixedParameters: 0 0 0

#Transform 35
Transform: AffineTransform_float_3_3
Parameters: 1 -0.000911577 0.000520994 0.000911425 0.999999 0.00110448 -0.000522008 -0.00110453 1 -0.348414 -0.11409 -0.355793
FixedParameters: 0 0 0

#Transform 36
Transform: AffineTransform_float_3_3
Parameters: 0.999999 -0.000607459 0.000485426 0.000606541 1 0.000945295 -0.000485573 -0.000944706 1 -0.218996 -0.00958031 -0.273123
FixedParameters: 0 0 0

#Transform 37
Transform: AffineTransform_float_3_3
Parameters: 1 -0.0010266 0.00059997 0.0010264 0.999999 0.00100462 -0.000601032 -0.00100438 1 -0.403863 -0.190281 -0.261006
FixedParameters: 0 0 0

#Transform 38
Transform: AffineTransform_float_3_3
Parameters: 0.999999 -0.00114328 0.000664525 0.00114272 1 0.00041576 -0.000665474 -0.00041424 0.999999 -0.437791 -0.160458 -0.0660222
FixedParameters: 0 0 0

#Transform 39
Transform: AffineTransform_float_3_3
Parameters: 1 -0.00101127 0.0006846 0.00101173 1 0.000395693 -0.000684399 -0.000394308 0.999999 -0.386039 -0.191577 0.0292553
FixedParameters: 0 0 0

#Transform 40
Transform: AffineTransform_float_3_3
Parameters: 0.999999 -0.00122209 0.000967884 0.00122191 0.999999 9.51828e-05 -0.000968115 -9.3817e-05 0.999999 -0.426976 -0.259943 0.168524
FixedParameters: 0 0 0

#Transform 41
Transform: AffineTransform_float_3_3
Parameters: 0.999998 -0.00149351 0.000748978 0.00149349 0.999998 0.00068512 -0.000750024 -0.000684881 1 -0.583184 -0.307682 -0.0830683
FixedParameters: 0 0 0

#Transform 42
Transform: AffineTransform_float_3_3
Parameters: 0.999999 -0.00157714 0.000989186 0.00157586 0.999998 0.00115156 -0.000990815 -0.00115044 0.999999 -0.585802 -0.378899 -0.253043
FixedParameters: 0 0 0

#Transform 43
Transform: AffineTransform_float_3_3
Parameters: 0.999998 -0.00157666 0.00102798 0.00157633 0.999998 0.000647621 -0.00102902 -0.000645379 1 -0.582137 -0.283172 -0.00962641
FixedParameters: 0 0 0

#Transform 44
Transform: AffineTransform_float_3_3
Parameters: 0.999998 -0.00205479 0.00106949 0.00205321 0.999997 0.000735198 -0.00107051 -0.000732802 0.999999 -0.785815 -0.474577 -0.105302
FixedParameters: 0 0 0

#Transform 45
Transform: AffineTransform_float_3_3
Parameters: 0.999997 -0.00227204 0.00139568 0.00226996 0.999997 0.00146217 -0.00139832 -0.00145983 0.999998 -0.864408 -0.476465 -0.250979
FixedParameters: 0 0 0

#Transform 46
Transform: AffineTransform_float_3_3
Parameters: 0.999995 -0.00287705 0.00147195 0.00287595 0.999995 0.000714236 -0.00147405 -0.000709762 0.999998 -1.10646 -0.64314 0.00223678
FixedParameters: 0 0 0

#Transform 47
Transform: AffineTransform_float_3_3
Parameters: 0.999995 -0.00285407 0.00150097 0.00285293 0.999995 0.000714285 -0.00150303 -0.000709713 0.999998 -1.09274 -0.564828 0.000851636
FixedParameters: 0 0 0

#Transform 48
Transform: AffineTransform_float_3_3
Parameters: 0.999994 -0.00273993 0.00176145 0.00273707 0.999995 0.00166483 -0.00176655 -0.00166017 0.999997 -1.00535 -0.757722 -0.212205
FixedParameters: 0 0 0

#Transform 49
Transform: AffineTransform_float_3_3
Parameters: 0.999995 -0.0029182 0.00166516 0.00291581 0.999995 0.00131886 -0.00166884 -0.00131414 0.999997 -1.09584 -0.62699 -0.178315
FixedParameters: 0 0 0

#Transform 50
Transform: AffineTransform_float_3_3
Parameters: 0.999994 -0.00277734 0.00170055 0.00277366 0.999994 0.00196373 -0.00170544 -0.00195827 0.999996 -1.02845 -0.53941 -0.430402
FixedParameters: 0 0 0

#Transform 51
Transform: AffineTransform_float_3_3
Parameters: 0.999995 -0.00296536 0.00156465 0.00296264 0.999994 0.00214465 -0.00157135 -0.00214035 0.999996 -1.11703 -0.668943 -0.593181
FixedParameters: 0 0 0

#Transform 52
Transform: AffineTransform_float_3_3
Parameters: 0.999993 -0.00338881 0.00188618 0.0033852 0.999992 0.0020164 -0.00189282 -0.0020096 0.999996 -1.27054 -0.670402 -0.478672
FixedParameters: 0 0 0

#Transform 53
Transform: AffineTransform_float_3_3
Parameters: 0.999992 -0.00361797 0.00180911 0.00361203 0.999988 0.00329356 -0.0018209 -0.00328744 0.999993 -1.39303 -0.804175 -0.915906
FixedParameters: 0 0 0

#Transform 54
Transform: AffineTransform_float_3_3
Parameters: 0.999993 -0.00339643 0.00141845 0.00339158 0.99999 0.00311183 -0.00142855 -0.00310617 0.999994 -1.32844 -0.638639 -0.967648
FixedParameters: 0 0 0

#Transform 55
Transform: AffineTransform_float_3_3
Parameters: 0.999993 -0.00346354 0.00185526 0.00346146 0.999993 0.00137143 -0.00185974 -0.00136457 0.999998 -1.30311 -0.707698 -0.125589
FixedParameters: 0 0 0

#Transform 56
Transform: AffineTransform_float_3_3
Parameters: 0.999993 -0.00347091 0.0018438 0.0034661 0.999991 0.00265541 -0.0018532 -0.00264959 0.999995 -1.31846 -0.848854 -0.629915
FixedParameters: 0 0 0

#Transform 57
Transform: AffineTransform_float_3_3
Parameters: 0.999991 -0.00365286 0.00204935 0.00364813 0.99999 0.0023725 -0.00205865 -0.0023645 0.999995 -1.38965 -0.713005 -0.576873
FixedParameters: 0 0 0

#Transform 58
Transform: AffineTransform_float_3_3
Parameters: 0.999991 -0.00373424 0.00199033 0.00372776 0.999988 0.00313045 -0.00200166 -0.00312255 0.999993 -1.4435 -0.768535 -0.884029
FixedParameters: 0 0 0

#Transform 59
Transform: AffineTransform_float_3_3
Parameters: 0.999991 -0.00358878 0.00204388 0.00358322 0.999989 0.00282435 -0.00205411 -0.00281665 0.999994 -1.36231 -0.736648 -0.767528
FixedParameters: 0 0 0

#Transform 60
Transform: AffineTransform_float_3_3
Parameters: 0.999989 -0.00409696 0.00225502 0.00409204 0.999989 0.00219825 -0.00226398 -0.00218875 0.999995 -1.56162 -0.862215 -0.421249
FixedParameters: 0 0 0

#Transform 61
Transform: AffineTransform_float_3_3
Parameters: 0.999984 -0.00454913 0.00319646 0.00454087 0.999987 0.00254655 -0.00320754 -0.00253245 0.999991 -1.67872 -1.094 -0.275422
FixedParameters: 0 0 0

#Transform 62
Transform: AffineTransform_float_3_3
Parameters: 0.999985 -0.00468555 0.00286757 0.00468144 0.999988 0.00159345 -0.00287543 -0.00157955 0.999994 -1.75666 -1.05403 -0.0214605
FixedParameters: 0 0 0

#Transform 63
Transform: AffineTransform_float_3_3
Parameters: 0.999985 -0.00469239 0.00303206 0.00468462 0.999985 0.00276625 -0.00304494 -0.00275275 0.999991 -1.77524 -1.11045 -0.377479
FixedParameters: 0 0 0

#Transform 64
Transform: AffineTransform_float_3_3
Parameters: 0.999981 -0.0051991 0.00345686 0.0051909 0.999984 0.00234699 -0.00346915 -0.00232901 0.999992 -1.94256 -1.21975 -0.19669
FixedParameters: 0 0 0

#Transform 65
Transform: AffineTransform_float_3_3
Parameters: 0.999982 -0.00510239 0.00293264 0.00509661 0.999986 0.00184298 -0.00294136 -0.00182802 0.999994 -1.96082 -1.21267 -0.0780056
FixedParameters: 0 0 0

#Transform 66
Transform: AffineTransform_float_3_3
Parameters: 0.999983 -0.00493347 0.00305475 0.00492453 0.999983 0.0031011 -0.00307025 -0.00308591 0.999991 -1.86007 -1.19632 -0.573384
FixedParameters: 0 0 0

#Transform 67
Transform: AffineTransform_float_3_3
Parameters: 0.999981 -0.00530652 0.00315471 0.00529848 0.999983 0.00270277 -0.00316929 -0.00268624 0.999992 -1.99877 -1.16296 -0.477606
FixedParameters: 0 0 0

#Transform 68
Transform: AffineTransform_float_3_3
Parameters: 0.999979 -0.00541842 0.00336488 0.00540958 0.999982 0.00280226 -0.00338012 -0.00278374 0.999991 -2.05467 -1.28689 -0.381593
FixedParameters: 0 0 0

#Transform 69
Transform: AffineTransform_float_3_3
Parameters: 0.99998 -0.00523562 0.00348908 0.00522938 0.999984 0.00190428 -0.00349892 -0.00188572 0.999992 -1.92708 -1.19693 -0.0473284
FixedParameters: 0 0 0

#Transform 70
Transform: AffineTransform_float_3_3
Parameters: 0.99998 -0.0054759 0.00319203 0.00547209 0.999984 0.000917486 -0.00319697 -0.000899512 0.999995 -2.05369 -1.34796 0.372042
FixedParameters: 0 0 0

#Transform 71
Transform: AffineTransform_float_3_3
Parameters: 0.999984 -0.00452057 0.00356543 0.00451343 0.999987 0.00212813 -0.00357458 -0.00211188 0.999992 -1.61779 -1.28118 0.0600698
FixedParameters: 0 0 0

#Transform 72
Transform: AffineTransform_float_3_3
Parameters: 0.999982 -0.00470972 0.00357779 0.00470528 0.999988 0.00132686 -0.0035842 -0.00131014 0.999992 -1.68811 -1.01015 0.264391
FixedParameters: 0 0 0

#Transform 73
Transform: AffineTransform_float_3_3
Parameters: 0.999984 -0.00448936 0.00361688 0.00448164 0.999988 0.00204124 -0.00362612 -0.00202476 0.999992 -1.60651 -1.05643 0.124416
FixedParameters: 0 0 0

#Transform 74
Transform: AffineTransform_float_3_3
Parameters: 0.999985 -0.00424787 0.00343236 0.00423613 0.999985 0.00345759 -0.00344663 -0.00344241 0.999988 -1.50626 -1.12598 -0.501273
FixedParameters: 0 0 0

#Transform 75
Transform: AffineTransform_float_3_3
Parameters: 0.999985 -0.00424716 0.00364103 0.00423585 0.999987 0.00306647 -0.00365397 -0.00305053 0.999988 -1.48969 -0.927234 -0.348041
FixedParameters: 0 0 0

#Transform 76
Transform: AffineTransform_float_3_3
Parameters: 0.999984 -0.00440569 0.00369667 0.00439731 0.999987 0.00235529 -0.00370633 -0.00233871 0.999991 -1.54145 -0.878867 -0.0920715
FixedParameters: 0 0 0

#Transform 77
Transform: AffineTransform_float_3_3
Parameters: 0.999985 -0.00424735 0.00348019 0.00423664 0.999985 0.00326379 -0.00349481 -0.0032492 0.999988 -1.50256 -1.03676 -0.435344
FixedParameters: 0 0 0

#Transform 78
Transform: AffineTransform_float_3_3
Parameters: 0.999985 -0.00430359 0.00356807 0.00429141 0.999986 0.00324937 -0.00358193 -0.00323364 0.999989 -1.52003 -0.97876 -0.412926
FixedParameters: 0 0 0

#Transform 79
Transform: AffineTransform_float_3_3
Parameters: 0.999985 -0.00424648 0.00351839 0.00423653 0.999987 0.00297995 -0.00353061 -0.00296506 0.99999 -1.49994 -0.816753 -0.446071
FixedParameters: 0 0 0

#Transform 80
Transform: AffineTransform_float_3_3
Parameters: 0.999983 -0.00455497 0.00343651 0.00454403 0.999984 0.00319267 -0.00345149 -0.00317733 0.999989 -1.64648 -0.996991 -0.460416
FixedParameters: 0 0 0

#Transform 81
Transform: AffineTransform_float_3_3
Parameters: 0.999985 -0.00424738 0.00326826 0.00423661 0.999985 0.00348189 -0.00328374 -0.0034681 0.999988 -1.52275 -0.970706 -0.60792
FixedParameters: 0 0 0

#Transform 82
Transform: AffineTransform_float_3_3
Parameters: 0.999982 -0.00465864 0.00379051 0.00464636 0.999983 0.00333767 -0.00380549 -0.00331933 0.999987 -1.65978 -1.01634 -0.407491
FixedParameters: 0 0 0

#Transform 83
Transform: AffineTransform_float_3_3
Parameters: 0.999979 -0.00513888 0.00410418 0.00512712 0.999982 0.00289911 -0.00411883 -0.0028779 0.999988 -1.83684 -1.07803 -0.253158
FixedParameters: 0 0 0

#Transform 84
Transform: AffineTransform_float_3_3
Parameters: 0.999979 -0.00516095 0.00377233 0.00514804 0.999981 0.00343649 -0.00379066 -0.00341651 0.999987 -1.88606 -1.20139 -0.48893
FixedParameters: 0 0 0

#Transform 85
Transform: AffineTransform_float_3_3
Parameters: 0.99998 -0.00478887 0.00396049 0.00477613 0.999984 0.00325198 -0.00397551 -0.00323302 0.999987 -1.72895 -1.11349 -0.32244
FixedParameters: 0 0 0

#Transform 86
Transform: AffineTransform_float_3_3
Parameters: 0.999976 -0.00528377 0.00432121 0.00526923 0.999981 0.00319184 -0.00433778 -0.00316915 0.999985 -1.90712 -1.1444 -0.261448
FixedParameters: 0 0 0

#Transform 87
Transform: AffineTransform_float_3_3
Parameters: 0.999979 -0.00525508 0.00396372 0.00524192 0.999981 0.00330285 -0.00398128 -0.00328215 0.999986 -1.91036 -1.23398 -0.350217
FixedParameters: 0 0 0

#Transform 88
Transform: AffineTransform_float_3_3
Parameters: 0.999976 -0.00562605 0.00409549 0.00561394 0.99998 0.00294906 -0.00411151 -0.00292594 0.999988 -2.06586 -1.31638 -0.205537
FixedParameters: 0 0 0

#Transform 89
Transform: AffineTransform_float_3_3
Parameters: 0.999977 -0.00562229 0.0039309 0.00561171 0.99998 0.00287713 -0.0039471 -0.00285488 0.999988 -2.06909 -1.33583 -0.221658
FixedParameters: 0 0 0

#Transform 90
Transform: AffineTransform_float_3_3
Parameters: 0.999976 -0.00561043 0.00408973 0.00560057 0.999981 0.00255797 -0.00410428 -0.00253504 0.999989 -2.03917 -1.30434 0.00282288
FixedParameters: 0 0 0

#Transform 91
Transform: AffineTransform_float_3_3
Parameters: 0.999976 -0.00568019 0.00401179 0.00566781 0.99998 0.00304381 -0.0040292 -0.00302019 0.999988 -2.07671 -1.39069 -0.272513
FixedParameters: 0 0 0

#Transform 92
Transform: AffineTransform_float_3_3
Parameters: 0.999977 -0.00569197 0.00387092 0.00568103 0.99998 0.00283906 -0.00388708 -0.00281694 0.999989 -2.07851 -1.31963 -0.200825
FixedParameters: 0 0 0

#Transform 93
Transform: AffineTransform_float_3_3
Parameters: 0.999974 -0.00593081 0.00410857 0.00591818 0.999977 0.00312339 -0.00412743 -0.0030986 0.999986 -2.18028 -1.4146 -0.313878
FixedParameters: 0 0 0

#Transform 94
Transform: AffineTransform_float_3_3
Parameters: 0.999975 -0.0056935 0.00415292 0.00568051 0.99998 0.00301467 -0.00417007 -0.00299033 0.999987 -2.08664 -1.27619 -0.208054
FixedParameters: 0 0 0

#Transform 95
Transform: AffineTransform_float_3_3
Parameters: 0.999975 -0.00577724 0.0041215 0.00576376 0.999978 0.00321784 -0.0041405 -0.00319416 0.999987 -2.11345 -1.43927 -0.310663
FixedParameters: 0 0 0

#Transform 96
Transform: AffineTransform_float_3_3
Parameters: 0.999976 -0.00568932 0.00411151 0.00568068 0.999982 0.00203341 -0.00412349 -0.00200959 0.99999 -2.05549 -1.27276 0.148761
FixedParameters: 0 0 0

#Transform 97
Transform: AffineTransform_float_3_3
Parameters: 0.999979 -0.00506287 0.00385869 0.00505412 0.999985 0.00204754 -0.00386931 -0.00202845 0.999991 -1.83838 -1.35358 0.143472
FixedParameters: 0 0 0

#Transform 98
Transform: AffineTransform_float_3_3
Parameters: 0.999981 -0.00473366 0.00395524 0.00472834 0.999988 0.00143873 -0.00396176 -0.00142027 0.999991 -1.68184 -1.03012 0.394165
FixedParameters: 0 0 0

#Transform 99
Transform: AffineTransform_float_3_3
Parameters: 0.999979 -0.0045422 0.00451175 0.0045328 0.999987 0.00204749 -0.00452024 -0.00202751 0.999987 -1.56659 -0.964409 0.38351
FixedParameters: 0 0 0

#Transform 100
Transform: AffineTransform_float_3_3
Parameters: 0.999981 -0.00421009 0.00455376 0.00418691 0.999979 0.00506816 -0.00457524 -0.00504884 0.999977 -1.40191 -0.97377 -0.751527
FixedParameters: 0 0 0

#Transform 101
Transform: AffineTransform_float_3_3
Parameters: 0.999984 -0.00415662 0.00398463 0.00413638 0.99998 0.00492056 -0.00400537 -0.00490343 0.99998 -1.44036 -0.918438 -0.941871
FixedParameters: 0 0 0

#Transform 102
Transform: AffineTransform_float_3_3
Parameters: 0.999984 -0.00405524 0.00393428 0.00403776 0.999981 0.00463396 -0.00395272 -0.00461804 0.999981 -1.40004 -0.765297 -0.881954
FixedParameters: 0 0 0

#Transform 103
Transform: AffineTransform_float_3_3
Parameters: 0.999983 -0.00412193 0.00408901 0.00410607 0.999984 0.00389586 -0.00410499 -0.00387915 0.999984 -1.41588 -0.77582 -0.513281
FixedParameters: 0 0 0

#Transform 104
Transform: AffineTransform_float_3_3
Parameters: 0.999984 -0.00408001 0.00387215 0.00406299 0.999982 0.0043908 -0.00388985 -0.0043752 0.999983 -1.41679 -0.867165 -0.778533
FixedParameters: 0 0 0

#Transform 105
Transform: AffineTransform_float_3_3
Parameters: 0.999984 -0.00406842 0.00388589 0.00405158 0.999983 0.00422281 -0.00390311 -0.00420718 0.999983 -1.41381 -0.800436 -0.723435
FixedParameters: 0 0 0

#Transform 106
Transform: AffineTransform_float_3_3
Parameters: 0.999983 -0.00414811 0.0039863 0.00413188 0.999984 0.00404254 -0.0040027 -0.00402546 0.999984 -1.44837 -0.791043 -0.630356
FixedParameters: 0 0 0

#Transform 107
Transform: AffineTransform_float_3_3
Parameters: 0.999981 -0.00449771 0.00416109 0.00448229 0.999983 0.00377672 -0.00417792 -0.00375828 0.999984 -1.58319 -0.842448 -0.54218
FixedParameters: 0 0 0

#Transform 108
Transform: AffineTransform_float_3_3
Parameters: 0.999981 -0.00435446 0.00422206 0.00433754 0.999982 0.00413539 -0.00424093 -0.00411761 0.999982 -1.52969 -0.905534 -0.622038
FixedParameters: 0 0 0

#Transform 109
Transform: AffineTransform_float_3_3
Parameters: 0.99998 -0.00463593 0.00429372 0.00461807 0.99998 0.00417691 -0.00431328 -0.00415709 0.999982 -1.63598 -0.98787 -0.618661
FixedParameters: 0 0 0

#Transform 110
Transform: AffineTransform_float_3_3
Parameters: 0.999976 -0.00515965 0.00462059 0.00514435 0.999981 0.00339185 -0.00463841 -0.00336815 0.999983 -1.84074 -1.05761 -0.262241
FixedParameters: 0 0 0

#Transform 111
Transform: AffineTransform_float_3_3
Parameters: 0.999979 -0.00478471 0.00452536 0.0047673 0.999981 0.00391466 -0.00454365 -0.00389334 0.999982 -1.69631 -1.0552 -0.408909
FixedParameters: 0 0 0

#Transform 112
Transform: AffineTransform_float_3_3
Parameters: 0.999977 -0.00497375 0.00473241 0.00495625 0.99998 0.00375654 -0.00475059 -0.00373246 0.999981 -1.7364 -1.06111 -0.365567
FixedParameters: 0 0 0

#Transform 113
Transform: AffineTransform_float_3_3
Parameters: 0.999976 -0.00470555 0.00494764 0.00468244 0.999978 0.00456127 -0.00496935 -0.00453772 0.999978 -1.62108 -0.983797 -0.601859
FixedParameters: 0 0 0

#Transform 114
Transform: AffineTransform_float_3_3
Parameters: 0.999973 -0.00522139 0.00506004 0.0052006 0.999979 0.00403542 -0.00508096 -0.00400858 0.999979 -1.81744 -1.04787 -0.433862
FixedParameters: 0 0 0

#Transform 115
Transform: AffineTransform_float_3_3
Parameters: 0.999975 -0.00509846 0.00476111 0.00507653 0.999977 0.00451028 -0.00478388 -0.00448572 0.999978 -1.81013 -1.04993 -0.640219
FixedParameters: 0 0 0

#Transform 116
Transform: AffineTransform_float_3_3
Parameters: 0.999973 -0.00522123 0.00528827 0.00519277 0.999973 0.00533861 -0.00531672 -0.00531039 0.999972 -1.79434 -1.02114 -0.974164
FixedParameters: 0 0 0

#Transform 117
Transform: AffineTransform_float_3_3
Parameters: 0.999973 -0.00526546 0.00500355 0.00524453 0.999978 0.00409535 -0.00502545 -0.00406865 0.999979 -1.84753 -1.07807 -0.450466
FixedParameters: 0 0 0

#Transform 118
Transform: AffineTransform_float_3_3
Parameters: 0.999974 -0.00521356 0.00501965 0.00519044 0.999976 0.00469518 -0.00504336 -0.00466883 0.999977 -1.81981 -1.14337 -0.740656
FixedParameters: 0 0 0

#Transform 119
Transform: AffineTransform_float_3_3
Parameters: 0.999973 -0.00530057 0.00511167 0.00527743 0.999976 0.0046141 -0.00513633 -0.0045869 0.999977 -1.84536 -0.980657 -0.720863
FixedParameters: 0 0 0

#Transform 120
Transform: AffineTransform_float_3_3
Parameters: 0.999976 -0.00496665 0.00495944 0.00494135 0.999976 0.00497063 -0.00498356 -0.00494537 0.999976 -1.72075 -1.04324 -0.860082
FixedParameters: 0 0 0

#Transform 121
Transform: AffineTransform_float_3_3
Parameters: 0.999971 -0.0053239 0.0053212 0.0052991 0.999975 0.00468233 -0.00534579 -0.00465367 0.999975 -1.84607 -1.02474 -0.699917
FixedParameters: 0 0 0

#Transform 122
Transform: AffineTransform_float_3_3
Parameters: 0.999973 -0.00530544 0.00521928 0.00528057 0.999975 0.00468469 -0.00524372 -0.00465631 0.999976 -1.83953 -1.1317 -0.73063
FixedParameters: 0 0 0

#Transform 123
Transform: AffineTransform_float_3_3
Parameters: 0.999966 -0.00566815 0.00598622 0.00564485 0.999976 0.00404393 -0.00600878 -0.00401008 0.999974 -1.89881 -1.17391 -0.360127
FixedParameters: 0 0 0

#Transform 124
Transform: AffineTransform_float_3_3
Parameters: 0.999972 -0.00541366 0.00515857 0.00539734 0.99998 0.00323793 -0.00517643 -0.00321007 0.999981 -1.89433 -1.17484 -0.11582
FixedParameters: 0 0 0

#Transform 125
Transform: AffineTransform_float_3_3
Parameters: 0.999978 -0.00464826 0.00477138 0.00462674 0.99998 0.00445718 -0.00479262 -0.00443482 0.999978 -1.59825 -1.10171 -0.620314
FixedParameters: 0 0 0

#Transform 126
Transform: AffineTransform_float_3_3
Parameters: 0.999974 -0.0052755 0.00488747 0.0052625 0.999983 0.00277079 -0.00490254 -0.00274521 0.999984 -1.85895 -1.10375 0.0452909
FixedParameters: 0 0 0

#Transform 127
Transform: AffineTransform_float_3_3
Parameters: 0.999976 -0.00487588 0.0049043 0.00485712 0.999981 0.00385391 -0.0049227 -0.00383009 0.99998 -1.68768 -1.16406 -0.292648
FixedParameters: 0 0 0

#Transform 128
Transform: AffineTransform_float_3_3
Parameters: 0.999974 -0.00505097 0.00511237 0.00503003 0.999979 0.00410682 -0.00513264 -0.00408118 0.999979 -1.74495 -1.0553 -0.48058
FixedParameters: 0 0 0

#Transform 129
Transform: AffineTransform_float_3_3
Parameters: 0.999976 -0.00484707 0.00496846 0.00482793 0.999981 0.00384408 -0.00498654 -0.00381992 0.999981 -1.66473 -1.01937 -0.35824
FixedParameters: 0 0 0

#Transform 130
Transform: AffineTransform_float_3_3
Parameters: 0.999977 -0.0046471 0.00498635 0.00462691 0.999981 0.00403417 -0.00500466 -0.00401184 0.99998 -1.58204 -1.02043 -0.439775
FixedParameters: 0 0 0

#Transform 131
Transform: AffineTransform_float_3_3
Parameters: 0.999976 -0.00464435 0.00518049 0.00462664 0.999983 0.00335705 -0.0051955 -0.00333295 0.999981 -1.56855 -0.920669 -0.0973645
FixedParameters: 0 0 0

#Transform 132
Transform: AffineTransform_float_3_3
Parameters: 0.999978 -0.00447297 0.00502518 0.00445403 0.999983 0.00377947 -0.00504183 -0.00375753 0.99998 -1.50577 -1.06325 -0.260768
FixedParameters: 0 0 0

#Transform 133
Transform: AffineTransform_float_3_3
Parameters: 0.999976 -0.00482907 0.00511608 0.00480994 0.999982 0.0037317 -0.00513393 -0.0037073 0.99998 -1.64299 -0.964719 -0.29406
FixedParameters: 0 0 0

#Transform 134
Transform: AffineTransform_float_3_3
Parameters: 0.999977 -0.00464964 0.00496589 0.00462735 0.999979 0.00456209 -0.00498711 -0.00453892 0.999978 -1.59352 -1.01506 -0.638237
FixedParameters: 0 0 0

#Transform 135
Transform: AffineTransform_float_3_3
Parameters: 0.999975 -0.00504506 0.00509524 0.00502494 0.999979 0.00413771 -0.00511678 -0.00411229 0.999979 -1.74935 -1.02402 -0.490115
FixedParameters: 0 0 0

#Transform 136
Transform: AffineTransform_float_3_3
Parameters: 0.999974 -0.00508284 0.00510734 0.00506216 0.999979 0.00408496 -0.00512865 -0.00405904 0.999978 -1.76427 -1.10484 -0.422025
FixedParameters: 0 0 0

#Transform 137
Transform: AffineTransform_float_3_3
Parameters: 0.999973 -0.00508531 0.00544116 0.00506369 0.999979 0.00392266 -0.00546184 -0.00389533 0.999977 -1.75325 -1.10026 -0.30014
FixedParameters: 0 0 0

#Transform 138
Transform: AffineTransform_float_3_3
Parameters: 0.999972 -0.00509213 0.00550051 0.00507086 0.999979 0.003849 -0.00552049 -0.003821 0.999978 -1.75096 -1.0806 -0.28335
FixedParameters: 0 0 0

#Transform 139
Transform: AffineTransform_float_3_3
Parameters: 0.99997 -0.00547126 0.00548684 0.00545474 0.99998 0.00297402 -0.00550317 -0.00294398 0.999981 -1.90802 -1.18368 0.0789491
FixedParameters: 0 0 0

#Transform 140
Transform: AffineTransform_float_3_3
Parameters: 0.999974 -0.00509092 0.00523771 0.00507108 0.99998 0.00380966 -0.00525629 -0.00378334 0.999979 -1.75064 -1.19592 -0.266122
FixedParameters: 0 0 0

#Transform 141
Transform: AffineTransform_float_3_3
Parameters: 0.999969 -0.00558894 0.00541047 0.00556905 0.999977 0.00369424 -0.00543052 -0.00366376 0.999978 -1.93783 -1.19553 -0.264881
FixedParameters: 0 0 0

#Transform 142
Transform: AffineTransform_float_3_3
Parameters: 0.999973 -0.00509094 0.00525476 0.00507106 0.99998 0.00380075 -0.00527425 -0.00377425 0.999979 -1.77613 -1.09558 -0.255425
FixedParameters: 0 0 0

#Transform 143
Transform: AffineTransform_float_3_3
Parameters: 0.999972 -0.00509163 0.00536349 0.00507136 0.999979 0.00385331 -0.00538351 -0.00382669 0.999978 -1.76597 -1.12266 -0.273026
FixedParameters: 0 0 0

#Transform 144
Transform: AffineTransform_float_3_3
Parameters: 0.999973 -0.00556102 0.00467729 0.00554098 0.999976 0.00428303 -0.0047007 -0.00425697 0.99998 -2.04362 -1.14 -0.619687
FixedParameters: 0 0 0

#Transform 145
Transform: AffineTransform_float_3_3
Parameters: 0.999978 -0.0050999 0.00419209 0.00507111 0.999964 0.00687441 -0.00422691 -0.00685359 0.999967 -1.87921 -1.03724 -1.7337
FixedParameters: 0 0 0

#Transform 146
Transform: AffineTransform_float_3_3
Parameters: 0.999979 -0.00529066 0.00378343 0.00527334 0.999975 0.00466205 -0.00380757 -0.00464195 0.999982 -2.0063 -0.961657 -0.976445
FixedParameters: 0 0 0

#Transform 147
Transform: AffineTransform_float_3_3
Parameters: 0.999977 -0.00509537 0.00435263 0.00507162 0.999971 0.0055922 -0.00438137 -0.0055698 0.999975 -1.86878 -1.01477 -1.17068
FixedParameters: 0 0 0

#Transform 148
Transform: AffineTransform_float_3_3
Parameters: 0.999974 -0.00551414 0.00452573 0.00548985 0.99997 0.00533098 -0.00455526 -0.00530601 0.999975 -2.00964 -1.1008 -1.13184
FixedParameters: 0 0 0

#Transform 149
Transform: AffineTransform_float_3_3
Parameters: 0.999972 -0.0056277 0.00477806 0.0056033 0.999971 0.00516691 -0.00480694 -0.00514009 0.999975 -2.05656 -1.14111 -1.00542
FixedParameters: 0 0 0

#Transform 150
Transform: AffineTransform_float_3_3
Parameters: 0.999974 -0.00562227 0.00453622 0.00560273 0.999976 0.00424953 -0.00455978 -0.00422447 0.99998 -2.06077 -1.22373 -0.692516
FixedParameters: 0 0 0

#Transform 151
Transform: AffineTransform_float_3_3
Parameters: 0.999971 -0.00598826 0.00467479 0.00597374 0.999977 0.00305901 -0.00469221 -0.00303099 0.999985 -2.21415 -1.29195 -0.168102
FixedParameters: 0 0 0

#Transform 152
Transform: AffineTransform_float_3_3
Parameters: 0.999976 -0.00561838 0.00421056 0.00560363 0.999977 0.00365468 -0.00423045 -0.00363132 0.999985 -2.09945 -1.3762 -0.42996
FixedParameters: 0 0 0

#Transform 153
Transform: AffineTransform_float_3_3
Parameters: 0.999974 -0.0057999 0.00438939 0.00578511 0.999977 0.00339848 -0.00440862 -0.00337352 0.999984 -2.15561 -1.29341 -0.363554
FixedParameters: 0 0 0

#Transform 154
Transform: AffineTransform_float_3_3
Parameters: 0.999975 -0.00561928 0.00417818 0.00560271 0.999976 0.0038995 -0.00419981 -0.00387649 0.999983 -2.09298 -1.31293 -0.61081
FixedParameters: 0 0 0

#Transform 155
Transform: AffineTransform_float_3_3
Parameters: 0.999975 -0.00561691 0.0044465 0.0056031 0.99998 0.003133 -0.00446351 -0.00310801 0.999985 -2.07517 -1.22103 -0.262827
FixedParameters: 0 0 0

#Transform 156
Transform: AffineTransform_float_3_3
Parameters: 0.999971 -0.0062354 0.0044272 0.0062166 0.999972 0.00415764 -0.0044528 -0.00413035 0.999981 -2.31045 -1.4743 -0.653399
FixedParameters: 0 0 0

#Transform 157
Transform: AffineTransform_float_3_3
Parameters: 0.999968 -0.0063918 0.00467209 0.00637519 0.999973 0.0036029 -0.0046949 -0.0035731 0.999982 -2.35582 -1.4015 -0.444461
FixedParameters: 0 0 0

#Transform 158
Transform: AffineTransform_float_3_3
Parameters: 0.999967 -0.00664971 0.0045388 0.00662928 0.999967 0.00456424 -0.0045692 -0.00453376 0.99998 -2.48405 -1.53536 -0.743383
FixedParameters: 0 0 0

#Transform 159
Transform: AffineTransform_float_3_3
Parameters: 0.999968 -0.00651096 0.00453547 0.00649103 0.999969 0.00440358 -0.00456453 -0.00437342 0.99998 -2.42413 -1.46994 -0.738513
FixedParameters: 0 0 0

#Transform 160
Transform: AffineTransform_float_3_3
Parameters: 0.99997 -0.00632836 0.00458577 0.00630964 0.999972 0.00400706 -0.00461123 -0.00397794 0.999981 -2.34576 -1.34763 -0.583796
FixedParameters: 0 0 0

#Transform 161
Transform: AffineTransform_float_3_3
Parameters: 0.999966 -0.00655785 0.00502617 0.00653116 0.999965 0.00533901 -0.00506083 -0.005306 0.999973 -2.3918 -1.47204 -1.07224
FixedParameters: 0 0 0

#Transform 162
Transform: AffineTransform_float_3_3
Parameters: 0.999959 -0.00698942 0.00566433 0.00696257 0.999964 0.00484664 -0.00569867 -0.00480637 0.999972 -2.50977 -1.49293 -0.742828
FixedParameters: 0 0 0

#Transform 163
Transform: AffineTransform_float_3_3
Parameters: 0.99996 -0.00692385 0.00579032 0.00689216 0.999962 0.00533013 -0.00582668 -0.00528987 0.999969 -2.45052 -1.53165 -0.907519
FixedParameters: 0 0 0

#Transform 164
Transform: AffineTransform_float_3_3
Parameters: 0.999959 -0.00676268 0.00614495 0.00673732 0.999969 0.00402857 -0.00617205 -0.00398643 0.999973 -2.37852 -1.4553 -0.401098
FixedParameters: 0 0 0

#Transform 165
Transform: AffineTransform_float_3_3
Parameters: 0.999963 -0.00675417 0.00524557 0.00673183 0.999969 0.00423347 -0.00527342 -0.00419754 0.999978 -2.47976 -1.50984 -0.525141
FixedParameters: 0 0 0

#Transform 166
Transform: AffineTransform_float_3_3
Parameters: 0.999973 -0.00615858 0.00412741 0.00613942 0.999971 0.00449947 -0.00415559 -0.00447353 0.999982 -2.32858 -1.522 -0.800341
FixedParameters: 0 0 0

#Transform 167
Transform: AffineTransform_float_3_3
Parameters: 0.999967 -0.00675085 0.00457422 0.00673414 0.99997 0.00368992 -0.00459877 -0.00365907 0.999982 -2.53434 -1.44003 -0.484588
FixedParameters: 0 0 0

#Transform 168
Transform: AffineTransform_float_3_3
Parameters: 0.999967 -0.00661199 0.00473923 0.00659201 0.99997 0.00422138 -0.00476676 -0.00418962 0.99998 -2.45646 -1.55356 -0.579483
FixedParameters: 0 0 0

#Transform 169
Transform: AffineTransform_float_3_3
Parameters: 0.999964 -0.00656793 0.00523563 0.00654206 0.999967 0.00495543 -0.00526837 -0.00492057 0.999974 -2.37222 -1.43124 -0.86759
FixedParameters: 0 0 0

#Transform 170
Transform: AffineTransform_float_3_3
Parameters: 0.999962 -0.00700577 0.00508824 0.00697621 0.999958 0.00584771 -0.00512875 -0.00581128 0.99997 -2.57768 -1.41699 -1.33554
FixedParameters: 0 0 0

#Transform 171
Transform: AffineTransform_float_3_3
Parameters: 0.999958 -0.00741778 0.00542447 0.00738523 0.999955 0.00603632 -0.00546953 -0.00599668 0.999967 -2.7049 -1.59648 -1.32177
FixedParameters: 0 0 0

#Transform 172
Transform: AffineTransform_float_3_3
Parameters: 0.999958 -0.00741509 0.00548556 0.00738492 0.999957 0.00548474 -0.00552544 -0.00544426 0.99997 -2.7025 -1.53224 -1.18463
FixedParameters: 0 0 0

#Transform 173
Transform: AffineTransform_float_3_3
Parameters: 0.999955 -0.00784846 0.00533482 0.00782154 0.999956 0.00514896 -0.00537518 -0.00510704 0.999972 -2.87898 -1.74608 -0.961426
FixedParameters: 0 0 0

#Transform 174
Transform: AffineTransform_float_3_3
Parameters: 0.999951 -0.00832486 0.00522314 0.00829414 0.999948 0.00590161 -0.00527186 -0.0058584 0.999969 -3.07768 -1.91345 -1.32759
FixedParameters: 0 0 0

#Transform 175
Transform: AffineTransform_float_3_3
Parameters: 0.999954 -0.00818382 0.00515021 0.00815719 0.999954 0.00501325 -0.0051918 -0.00497175 0.999974 -3.02653 -1.77826 -1.0022
FixedParameters: 0 0 0

#Transform 176
Transform: AffineTransform_float_3_3
Parameters: 0.999956 -0.00786978 0.00510889 0.00783922 0.999951 0.00601731 -0.0051561 -0.00597669 0.999969 -2.90315 -1.78374 -1.42916
FixedParameters: 0 0 0

#Transform 177
Transform: AffineTransform_float_3_3
Parameters: 0.999948 -0.00853347 0.00548434 0.00850253 0.999948 0.00573593 -0.00553266 -0.00568909 0.999969 -3.14204 -1.85441 -1.26472
FixedParameters: 0 0 0

#Transform 178
Transform: AffineTransform_float_3_3
Parameters: 0.999948 -0.00861062 0.00559662 0.00857738 0.999945 0.00600332 -0.00564839 -0.00595468 0.999967 -3.1864 -1.92565 -1.2765
FixedParameters: 0 0 0

#Transform 179
Transform: AffineTransform_float_3_3
Parameters: 0.999944 -0.00876452 0.00601446 0.00873149 0.999947 0.00557583 -0.00606356 -0.00552317 0.999967 -3.19751 -1.91334 -1.19868
FixedParameters: 0 0 0

#Transform 180
Transform: AffineTransform_float_3_3
Parameters: 0.999946 -0.00885295 0.00539906 0.00882605 0.999948 0.00499492 -0.00544294 -0.00494708 0.999973 -3.29292 -2.0377 -0.927013
FixedParameters: 0 0 0

#Transform 181
Transform: AffineTransform_float_3_3
Parameters: 0.99994 -0.00934307 0.00572414 0.00930793 0.999938 0.00612365 -0.00578086 -0.00607035 0.999965 -3.45923 -2.22307 -1.34151
FixedParameters: 0 0 0

#Transform 182
Transform: AffineTransform_float_3_3
Parameters: 0.999939 -0.00963104 0.005425 0.00959696 0.999935 0.00626645 -0.00548499 -0.00621355 0.999965 -3.62404 -2.16601 -1.46183
FixedParameters: 0 0 0

#Transform 183
Transform: AffineTransform_float_3_3
Parameters: 0.999937 -0.00966346 0.00580699 0.00963256 0.999939 0.00541928 -0.00585903 -0.00536372 0.999969 -3.56842 -2.29551 -1.04698
FixedParameters: 0 0 0

#Transform 184
Transform: AffineTransform_float_3_3
Parameters: 0.999938 -0.00975294 0.00537243 0.00972106 0.999935 0.00593859 -0.00543057 -0.0058864 0.999968 -3.66403 -2.23794 -1.29546
FixedParameters: 0 0 0

#Transform 185
Transform: AffineTransform_float_3_3
Parameters: 0.999938 -0.00951067 0.00576748 0.00947834 0.999939 0.00566502 -0.00582053 -0.00560999 0.999968 -3.51296 -2.16187 -1.22053
FixedParameters: 0 0 0

#Transform 186
Transform: AffineTransform_float_3_3
Parameters: 0.999945 -0.00905614 0.00538429 0.00902988 0.999948 0.00485789 -0.00542771 -0.00480911 0.999973 -3.37671 -2.13087 -0.797701
FixedParameters: 0 0 0

#Transform 187
Transform: AffineTransform_float_3_3
Parameters: 0.999941 -0.00917256 0.0056981 0.00914244 0.999944 0.00536641 -0.00574691 -0.0053146 0.99997 -3.37382 -2.19334 -1.00099
FixedParameters: 0 0 0

#Transform 188
Transform: AffineTransform_float_3_3
Parameters: 0.999945 -0.00914629 0.00501074 0.00912769 0.999951 0.00366293 -0.00504426 -0.00361706 0.99998 -3.44474 -2.17976 -0.321443
FixedParameters: 0 0 0

#Transform 189
Transform: AffineTransform_float_3_3
Parameters: 0.999945 -0.00898742 0.00542923 0.00895858 0.999946 0.00523693 -0.00547577 -0.00518808 0.999972 -3.34145 -2.25675 -0.871898
FixedParameters: 0 0 0

#Transform 190
Transform: AffineTransform_float_3_3
Parameters: 0.999936 -0.0096622 0.00587801 0.00963179 0.999939 0.00531395 -0.00592899 -0.00525704 0.999968 -3.58294 -2.17538 -0.897059
FixedParameters: 0 0 0

#Transform 191
