# transform file /out/sourcedata/freesurfer/sub-v1s0x0050668_ses-1/mri/transforms/cc_up.lta
# created by oesteban on Thu Mar 12 00:18:46 2026

type      = 0 # LINEAR_VOX_TO_VOX
nxforms   = 1
mean      = 129.0000 103.0000 115.0000
sigma     = 10000.0000
1 4 4
9.994547963142395e-01 -2.928200550377369e-02 1.525412872433662e-02 1.941815137863159e+00 
2.927859686315060e-02 9.995712041854858e-01 4.468631232157350e-04 3.924142074584961e+01 
-1.526067312806845e-02 0.000000000000000e+00 9.998835921287537e-01 2.396570014953613e+01 
0.000000000000000e+00 0.000000000000000e+00 0.000000000000000e+00 1.000000000000000e+00 
src volume info
valid = 1  # volume info valid
filename = /out/sourcedata/freesurfer/sub-v1s0x0050668_ses-1/mri/norm.mgz
volume = 256 256 256
voxelsize = 1.000000000000000e+00 1.000000000000000e+00 1.000000000000000e+00
xras   = -1.000000000000000e+00 0.000000000000000e+00 0.000000000000000e+00
yras   = 0.000000000000000e+00 0.000000000000000e+00 -1.000000000000000e+00
zras   = 0.000000000000000e+00 1.000000000000000e+00 0.000000000000000e+00
cras   = 1.921310424804688e+00 -1.556753540039062e+01 3.097395324707031e+01
dst volume info
valid = 1  # volume info valid
filename = /out/sourcedata/freesurfer/sub-v1s0x0050668_ses-1/mri/norm.mgz
volume = 256 256 256
voxelsize = 1.000000000000000e+00 1.000000000000000e+00 1.000000000000000e+00
xras   = -1.000000000000000e+00 0.000000000000000e+00 0.000000000000000e+00
yras   = 0.000000000000000e+00 0.000000000000000e+00 -1.000000000000000e+00
zras   = 0.000000000000000e+00 1.000000000000000e+00 0.000000000000000e+00
cras   = 1.921310424804688e+00 -1.556753540039062e+01 3.097395324707031e+01
