# transform file /out/sourcedata/freesurfer/sub-v1s0x0050660_ses-1/mri/transforms/cc_up.lta
# created by oesteban on Wed Mar 11 22:43:03 2026

type      = 0 # LINEAR_VOX_TO_VOX
nxforms   = 1
mean      = 125.0000 109.0000 112.0000
sigma     = 10000.0000
1 4 4
9.976866245269775e-01 -3.163849562406540e-02 -6.016959622502327e-02 1.289569091796875e+01 
3.158111497759819e-02 9.994993209838867e-01 -1.904629054479301e-03 3.234201812744141e+01 
6.019973382353783e-02 0.000000000000000e+00 9.981862902641296e-01 1.975587654113770e+01 
0.000000000000000e+00 0.000000000000000e+00 0.000000000000000e+00 1.000000000000000e+00 
src volume info
valid = 1  # volume info valid
filename = /out/sourcedata/freesurfer/sub-v1s0x0050660_ses-1/mri/norm.mgz
volume = 256 256 256
voxelsize = 1.000000000000000e+00 1.000000000000000e+00 1.000000000000000e+00
xras   = -1.000000000000000e+00 0.000000000000000e+00 0.000000000000000e+00
yras   = 0.000000000000000e+00 0.000000000000000e+00 -1.000000000000000e+00
zras   = 0.000000000000000e+00 1.000000000000000e+00 0.000000000000000e+00
cras   = -5.553268432617188e+00 2.423721313476562e+00 2.936318969726562e+01
dst volume info
valid = 1  # volume info valid
filename = /out/sourcedata/freesurfer/sub-v1s0x0050660_ses-1/mri/norm.mgz
volume = 256 256 256
voxelsize = 1.000000000000000e+00 1.000000000000000e+00 1.000000000000000e+00
xras   = -1.000000000000000e+00 0.000000000000000e+00 0.000000000000000e+00
yras   = 0.000000000000000e+00 0.000000000000000e+00 -1.000000000000000e+00
zras   = 0.000000000000000e+00 1.000000000000000e+00 0.000000000000000e+00
cras   = -5.553268432617188e+00 2.423721313476562e+00 2.936318969726562e+01
