# transform file /out/sourcedata/freesurfer/sub-v1s0x0050649_ses-1/mri/transforms/cc_up.lta
# created by oesteban on Wed Mar 11 22:05:12 2026

type      = 0 # LINEAR_VOX_TO_VOX
nxforms   = 1
mean      = 128.0000 114.0000 120.0000
sigma     = 10000.0000
1 4 4
9.956520199775696e-01 2.682294324040413e-02 -8.920557051897049e-02 8.459435462951660e+00 
-2.671592868864536e-02 9.996402263641357e-01 2.393617061898112e-03 3.817411041259766e+01 
8.923767507076263e-02 0.000000000000000e+00 9.960104227066040e-01 8.072858810424805e+00 
0.000000000000000e+00 0.000000000000000e+00 0.000000000000000e+00 1.000000000000000e+00 
src volume info
valid = 1  # volume info valid
filename = /out/sourcedata/freesurfer/sub-v1s0x0050649_ses-1/mri/norm.mgz
volume = 256 256 256
voxelsize = 1.000000000000000e+00 1.000000000000000e+00 1.000000000000000e+00
xras   = -1.000000000000000e+00 0.000000000000000e+00 0.000000000000000e+00
yras   = 0.000000000000000e+00 0.000000000000000e+00 -1.000000000000000e+00
zras   = 0.000000000000000e+00 1.000000000000000e+00 0.000000000000000e+00
cras   = 4.447944641113281e+00 -1.081597900390625e+01 -6.000000000000000e+00
dst volume info
valid = 1  # volume info valid
filename = /out/sourcedata/freesurfer/sub-v1s0x0050649_ses-1/mri/norm.mgz
volume = 256 256 256
voxelsize = 1.000000000000000e+00 1.000000000000000e+00 1.000000000000000e+00
xras   = -1.000000000000000e+00 0.000000000000000e+00 0.000000000000000e+00
yras   = 0.000000000000000e+00 0.000000000000000e+00 -1.000000000000000e+00
zras   = 0.000000000000000e+00 1.000000000000000e+00 0.000000000000000e+00
cras   = 4.447944641113281e+00 -1.081597900390625e+01 -6.000000000000000e+00
