#Insight Transform File V1.0
#Transform 0
Transform: AffineTransform_float_3_3
Parameters: 1 1.61182e-05 0.000228992 -1.58818e-05 1 -0.000516003 -0.000229008 0.000515996 1 0.0425049 -0.127951 0.244573
FixedParameters: 0 0 0

#Transform 1
Transform: AffineTransform_float_3_3
Parameters: 1 0.000510012 -4.38602e-05 -0.000509988 1 0.000274022 4.41397e-05 -0.000273977 1 0.153044 0.30727 -0.108426
FixedParameters: 0 0 0

#Transform 2
Transform: AffineTransform_float_3_3
Parameters: 1 0.000324976 -4.41787e-05 -0.000325025 1 -0.000549985 4.48212e-05 0.000550014 1 0.0817929 -0.0278672 0.169241
FixedParameters: 0 0 0

#Transform 3
Transform: AffineTransform_float_3_3
Parameters: 1 0.00051433 0.000380553 -0.00051467 0.999999 -0.000868195 -0.000380447 0.000867804 0.999999 0.263791 0.00774569 0.417622
FixedParameters: 0 0 0

#Transform 4
Transform: AffineTransform_float_3_3
Parameters: 1 0.000513801 -0.000229446 -0.000514198 0.999999 -0.000867881 0.000228554 0.000868117 0.999999 0.10677 -0.0231906 0.209214
FixedParameters: 0 0 0

#Transform 5
Transform: AffineTransform_float_3_3
Parameters: 1 0.000513649 -0.000404446 -0.00051435 0.999999 -0.000867791 0.000403554 0.000867207 0.999999 0.0754683 -0.0840725 0.172361
FixedParameters: 0 0 0

#Transform 6
Transform: AffineTransform_float_3_3
Parameters: 1 0.000514007 5.36572e-06 -0.000513992 0.999999 -0.001234 -6.63427e-06 0.001234 0.999999 0.17382 -0.0791326 0.441084
FixedParameters: 0 0 0

#Transform 7
Transform: AffineTransform_float_3_3
Parameters: 0.999999 0.000725974 -3.5535e-05 -0.000726026 1 -0.000736975 3.54649e-05 0.000737026 0.999999 0.229969 0.0426711 0.200599
FixedParameters: 0 0 0

#Transform 8
Transform: AffineTransform_float_3_3
Parameters: 1 0.00102505 0.000113554 -0.00102495 1 -0.000435117 -0.000113446 0.000434884 1 0.369919 0.366665 0.189288
FixedParameters: 0 0 0

#Transform 9
Transform: AffineTransform_float_3_3
Parameters: 0.999999 0.000972987 -0.000139085 -0.000973011 0.999999 -8.68647e-05 0.000139915 8.71361e-05 1 0.277199 0.316089 -0.052772
FixedParameters: 0 0 0

#Transform 10
Transform: AffineTransform_float_3_3
Parameters: 1 0.00113598 -0.000169159 -0.00113602 1 -0.000139808 0.000168841 0.000140192 1 0.326382 0.394988 -0.0341955
FixedParameters: 0 0 0

#Transform 11
Transform: AffineTransform_float_3_3
Parameters: 0.999998 0.00165994 -0.000191528 -0.00166006 0.999998 -0.000317682 0.000190472 0.000318316 1 0.511805 0.53392 0.00489648
FixedParameters: 0 0 0

#Transform 12
Transform: AffineTransform_float_3_3
Parameters: 0.999999 0.001309 -0.000395002 -0.001309 0.999999 -1.48294e-06 0.000394998 1.51705e-06 1 0.318465 0.443554 -0.196589
FixedParameters: 0 0 0

#Transform 13
Transform: AffineTransform_float_3_3
Parameters: 0.999999 0.00170596 -0.000478136 -0.00170604 0.999998 -7.91844e-05 0.000477865 7.98153e-05 1 0.445058 0.636138 -0.173536
FixedParameters: 0 0 0

#Transform 14
Transform: AffineTransform_float_3_3
Parameters: 0.999998 0.00162768 -0.000401311 -0.00162832 0.999999 -0.000805348 0.000399687 0.000806652 0.999999 0.42047 0.309278 0.0900882
FixedParameters: 0 0 0

#Transform 15
Transform: AffineTransform_float_3_3
Parameters: 0.999998 0.00163869 -0.000220284 -0.0016393 0.999997 -0.00139364 0.000217715 0.00139436 0.999999 0.484877 0.259049 0.357513
FixedParameters: 0 0 0

#Transform 16
Transform: AffineTransform_float_3_3
Parameters: 0.999998 0.00157272 -0.000219991 -0.00157328 0.999998 -0.00126566 0.00021801 0.00126534 0.999999 0.458243 0.20856 0.320586
FixedParameters: 0 0 0

#Transform 17
Transform: AffineTransform_float_3_3
Parameters: 0.999999 0.00148702 7.77025e-05 -0.00148698 0.999999 -0.000200116 -7.72973e-05 0.000199885 1 0.517185 0.543793 0.0280886
FixedParameters: 0 0 0

#Transform 18
Transform: AffineTransform_float_3_3
Parameters: 0.999999 0.00142799 -7.41884e-05 -0.00142801 0.999999 -0.000131894 7.48114e-05 0.000132107 1 0.455249 0.463649 -0.035321
FixedParameters: 0 0 0

#Transform 19
Transform: AffineTransform_float_3_3
Parameters: 0.999999 0.00142789 -0.000247617 -0.00142811 0.999999 -0.000431647 0.000246384 0.000431352 1 0.401586 0.454798 0.0504681
FixedParameters: 0 0 0

#Transform 20
Transform: AffineTransform_float_3_3
Parameters: 0.999999 0.00174599 -0.000175164 -0.00174602 0.999999 -9.36943e-05 0.000174836 9.43054e-05 1 0.523674 0.609773 -0.078292
FixedParameters: 0 0 0

#Transform 21
Transform: AffineTransform_float_3_3
Parameters: 0.999998 0.00195884 -0.000329953 -0.00195916 0.999998 -0.000486354 0.000329045 0.000487645 1 0.572224 0.552762 0.0262737
FixedParameters: 0 0 0

#Transform 22
Transform: AffineTransform_float_3_3
Parameters: 0.999998 0.0018919 -0.000131436 -0.0018921 0.999998 -0.000758752 0.000130564 0.000759248 0.999999 0.56125 0.420398 0.158108
FixedParameters: 0 0 0

#Transform 23
Transform: AffineTransform_float_3_3
Parameters: 0.999997 0.00216681 -0.000214889 -0.00216719 0.999998 -0.000871536 0.00021311 0.000872464 0.999999 0.636411 0.575237 0.197026
FixedParameters: 0 0 0

#Transform 24
Transform: AffineTransform_float_3_3
Parameters: 0.999998 0.00225787 -0.000272056 -0.00225813 0.999998 -0.000467387 0.000270943 0.000468613 1 0.648608 0.64556 -0.000655304
FixedParameters: 0 0 0

#Transform 25
Transform: AffineTransform_float_3_3
Parameters: 0.999996 0.00301571 -0.00054462 -0.00301629 0.999996 -0.00053636 0.000543381 0.000537641 0.999999 0.851499 0.873158 -0.0457608
FixedParameters: 0 0 0

#Transform 26
Transform: AffineTransform_float_3_3
Parameters: 0.999996 0.00294949 -0.000584573 -0.00294951 0.999996 -0.000871279 0.000582426 0.000873722 0.999999 0.80311 0.761044 0.0560808
FixedParameters: 0 0 0

#Transform 27
Transform: AffineTransform_float_3_3
Parameters: 0.999994 0.00322566 -0.000409678 -0.00322634 0.999995 -0.000829683 0.00040632 0.000831315 0.999999 0.948229 0.859934 0.136059
FixedParameters: 0 0 0

#Transform 28
Transform: AffineTransform_float_3_3
Parameters: 0.999995 0.00301577 -0.000682016 -0.00301623 0.999996 -0.000335945 0.000680983 0.000338055 0.999999 0.802617 0.899239 -0.154568
FixedParameters: 0 0 0

#Transform 29
Transform: AffineTransform_float_3_3
Parameters: 0.999994 0.00345439 -0.000634323 -0.00345561 0.999993 -0.000960814 0.000630676 0.000963184 1 0.972703 0.933417 0.119663
FixedParameters: 0 0 0

#Transform 30
Transform: AffineTransform_float_3_3
Parameters: 0.999995 0.00314879 -0.000728915 -0.00314921 0.999995 -0.000289706 0.000728083 0.000292294 0.999999 0.840913 0.921313 -0.169075
FixedParameters: 0 0 0

#Transform 31
Transform: AffineTransform_float_3_3
Parameters: 0.999992 0.00390513 -0.000904758 -0.00390587 0.999992 -0.000960474 0.00090124 0.000964527 0.999999 1.08776 1.09711 0.0233036
FixedParameters: 0 0 0

#Transform 32
Transform: AffineTransform_float_3_3
Parameters: 0.999993 0.00366456 -0.000855903 -0.00366544 0.999993 -0.000517866 0.000854095 0.000521133 0.999999 0.987416 0.997187 -0.135998
FixedParameters: 0 0 0

#Transform 33
Transform: AffineTransform_float_3_3
Parameters: 0.999992 0.00390552 -0.000602128 -0.00390648 0.999992 -0.000799654 0.00059887 0.000802345 0.999999 1.14821 1.10328 0.0488015
FixedParameters: 0 0 0

#Transform 34
Transform: AffineTransform_float_3_3
Parameters: 0.999993 0.00364539 -0.00100323 -0.00364661 0.999993 -0.000609346 0.00100077 0.000613653 1 0.943118 0.983555 -0.142862
FixedParameters: 0 0 0

#Transform 35
Transform: AffineTransform_float_3_3
Parameters: 0.999992 0.00396931 -0.00062839 -0.00396969 0.999991 -0.00110451 0.000624609 0.00110749 0.999999 1.15605 1.02476 0.162855
FixedParameters: 0 0 0

#Transform 36
Transform: AffineTransform_float_3_3
Parameters: 0.999992 0.00390565 -0.000532578 -0.00390635 0.999992 -0.000658925 0.000529422 0.000661073 0.999999 1.15518 1.04564 0.0167713
FixedParameters: 0 0 0

#Transform 37
Transform: AffineTransform_float_3_3
Parameters: 0.999991 0.00422012 -0.000802656 -0.00422088 0.999991 -0.00110162 0.000798342 0.00110538 0.999999 1.19975 1.10782 0.0903959
FixedParameters: 0 0 0

#Transform 38
Transform: AffineTransform_float_3_3
Parameters: 0.999989 0.00446653 -0.00100307 -0.00446646 0.99999 -0.000461525 0.00100093 0.000465476 1 1.2371 1.28453 -0.224171
FixedParameters: 0 0 0

#Transform 39
Transform: AffineTransform_float_3_3
Parameters: 0.99999 0.00446643 -0.00063105 -0.00446657 0.999989 -0.000905191 0.000626952 0.000907809 1 1.33316 1.24445 0.0665768
FixedParameters: 0 0 0

#Transform 40
Transform: AffineTransform_float_3_3
Parameters: 0.99999 0.00446664 -0.000613629 -0.00446636 0.99999 -0.000587265 0.000610372 0.000589732 0.999999 1.33578 1.23473 -0.0587768
FixedParameters: 0 0 0

#Transform 41
Transform: AffineTransform_float_3_3
Parameters: 0.99999 0.00446651 -0.000548001 -0.00446649 0.999989 -0.000894561 0.000543997 0.000897439 1 1.3605 1.2266 0.103783
FixedParameters: 0 0 0

#Transform 42
Transform: AffineTransform_float_3_3
Parameters: 0.999992 0.00410269 -0.00075568 -0.00410331 0.999991 -0.000407902 0.000754319 0.000411098 0.999999 1.17405 1.19502 -0.139307
FixedParameters: 0 0 0

#Transform 43
Transform: AffineTransform_float_3_3
Parameters: 0.999991 0.00404344 -0.000639529 -0.00404456 0.999992 -0.000871421 0.000635468 0.000874578 1 1.18143 1.12588 0.0861699
FixedParameters: 0 0 0

#Transform 44
Transform: AffineTransform_float_3_3
Parameters: 0.999992 0.00374166 -0.000729746 -0.00374234 0.999993 -0.000465272 0.000728251 0.000468728 0.999999 1.05621 1.07521 -0.118717
FixedParameters: 0 0 0

#Transform 45
Transform: AffineTransform_float_3_3
Parameters: 0.999993 0.00373342 -0.00058567 -0.00373357 0.999992 -0.00098182 0.000582334 0.000983181 1 1.09435 1.01374 0.171554
FixedParameters: 0 0 0

#Transform 46
Transform: AffineTransform_float_3_3
Parameters: 0.999993 0.00352181 -0.000512271 -0.00352218 0.999993 -0.000360198 0.000511729 0.000361804 1 1.02812 1.02518 -0.0683552
FixedParameters: 0 0 0

#Transform 47
Transform: AffineTransform_float_3_3
Parameters: 0.999992 0.0038038 -0.000335268 -0.0038042 0.999992 -0.000595729 0.00033273 0.00059727 1 1.16718 1.1287 0.0592877
FixedParameters: 0 0 0

#Transform 48
Transform: AffineTransform_float_3_3
Parameters: 0.999994 0.00362186 -0.000516978 -0.00362214 0.999994 -0.000269129 0.000516022 0.000270871 1 1.06357 1.09038 -0.108525
FixedParameters: 0 0 0

#Transform 49
Transform: AffineTransform_float_3_3
Parameters: 0.999991 0.00419954 -0.000477024 -0.00420045 0.99999 -0.000957005 0.000472976 0.000958995 1 1.28882 1.15798 0.14279
FixedParameters: 0 0 0

#Transform 50
Transform: AffineTransform_float_3_3
Parameters: 0.999992 0.00392863 -0.000524781 -0.00392837 0.999992 -0.000706944 0.000522219 0.000709057 0.999999 1.18605 1.08801 0.0201565
FixedParameters: 0 0 0

#Transform 51
Transform: AffineTransform_float_3_3
Parameters: 0.999992 0.00398957 -0.000457723 -0.00398942 0.999991 -0.000932182 0.000454275 0.00093482 1 1.24652 1.10078 0.163278
FixedParameters: 0 0 0

#Transform 52
Transform: AffineTransform_float_3_3
Parameters: 0.999994 0.00352085 -0.000320674 -0.00352115 0.999993 -0.000474874 0.000319325 0.000476127 1 1.10643 1.01313 0.0252581
FixedParameters: 0 0 0

#Transform 53
Transform: AffineTransform_float_3_3
Parameters: 0.999994 0.00347574 -0.000396243 -0.00347625 0.999994 -0.000644626 0.000394759 0.000645376 0.999999 1.07024 0.989089 0.0787156
FixedParameters: 0 0 0

#Transform 54
Transform: AffineTransform_float_3_3
Parameters: 0.999993 0.00355949 -0.000459959 -0.00356051 0.999993 -0.00111137 0.000456038 0.00111363 1 1.08975 0.89045 0.214647
FixedParameters: 0 0 0

#Transform 55
Transform: AffineTransform_float_3_3
Parameters: 0.999994 0.00344177 -0.00055839 -0.00344222 0.999994 -0.00040308 0.000556609 0.000404918 1 1.01988 0.99766 -0.0606949
FixedParameters: 0 0 0

#Transform 56
Transform: AffineTransform_float_3_3
Parameters: 0.999993 0.00378979 -0.000361203 -0.00379021 0.999992 -0.000580635 0.000359795 0.000582367 1 1.19729 1.11608 0.0453695
FixedParameters: 0 0 0

#Transform 57
Transform: AffineTransform_float_3_3
Parameters: 0.999992 0.00378984 -0.000500217 -0.00379016 0.999993 -0.000320106 0.000498783 0.000321893 1 1.14441 1.14586 -0.0960842
FixedParameters: 0 0 0

#Transform 58
Transform: AffineTransform_float_3_3
Parameters: 0.999991 0.00415965 -0.000876685 -0.00416036 0.999992 -0.000403356 0.000874311 0.00040764 0.999999 1.19689 1.25604 -0.211468
FixedParameters: 0 0 0

#Transform 59
Transform: AffineTransform_float_3_3
Parameters: 0.999991 0.00402281 -0.000736015 -0.00402318 0.999992 -0.000251041 0.000734984 0.000253959 0.999999 1.15598 1.18825 -0.151969
FixedParameters: 0 0 0

#Transform 60
Transform: AffineTransform_float_3_3
Parameters: 0.999993 0.00379002 -0.000963944 -0.00378999 0.999993 1.66535e-05 0.000964057 -1.33463e-05 0.999999 1.00476 1.26244 -0.329414
FixedParameters: 0 0 0

#Transform 61
Transform: AffineTransform_float_3_3
Parameters: 0.999993 0.00379054 -0.000961875 -0.00379046 0.999992 0.00056265 0.000964124 -0.00055835 1 1.01658 1.36967 -0.550154
FixedParameters: 0 0 0

#Transform 62
Transform: AffineTransform_float_3_3
Parameters: 0.999993 0.00370762 -0.00115703 -0.00370639 0.999993 0.000534293 0.00115898 -0.000530707 0.999999 0.926131 1.37826 -0.606376
FixedParameters: 0 0 0

#Transform 63
Transform: AffineTransform_float_3_3
Parameters: 0.999993 0.00353559 -0.00117123 -0.00353441 0.999993 0.000503143 0.00117277 -0.000499857 0.999999 0.864142 1.28688 -0.541198
FixedParameters: 0 0 0

#Transform 64
Transform: AffineTransform_float_3_3
Parameters: 0.999992 0.00379021 -0.00127337 -0.00378979 0.999993 0.000167827 0.00127363 -0.000163174 0.999999 0.926816 1.30563 -0.486074
FixedParameters: 0 0 0

#Transform 65
Transform: AffineTransform_float_3_3
Parameters: 0.999992 0.00378957 -0.00153008 -0.00379044 0.999993 -0.000282203 0.00152892 0.000287796 0.999999 0.863558 1.16662 -0.368116
FixedParameters: 0 0 0

#Transform 66
Transform: AffineTransform_float_3_3
Parameters: 0.999992 0.00378927 -0.00161871 -0.00379073 0.999992 -0.000447867 0.00161729 0.000454132 0.999998 0.852386 1.12402 -0.332814
FixedParameters: 0 0 0

#Transform 67
Transform: AffineTransform_float_3_3
Parameters: 0.999992 0.00378927 -0.00161871 -0.00379073 0.999992 -0.000447867 0.00161729 0.000454132 0.999998 0.845568 1.0955 -0.330579
FixedParameters: 0 0 0

#Transform 68
Transform: AffineTransform_float_3_3
Parameters: 0.999991 0.00378894 -0.00185017 -0.00379006 0.999992 -0.000568993 0.00184783 0.000576006 0.999998 0.794099 1.15363 -0.352108
FixedParameters: 0 0 0

#Transform 69
Transform: AffineTransform_float_3_3
Parameters: 0.999991 0.00378921 -0.00202547 -0.00378978 0.999992 -0.000384327 0.00202453 0.000392675 0.999998 0.74575 1.09062 -0.467334
FixedParameters: 0 0 0

#Transform 70
Transform: AffineTransform_float_3_3
Parameters: 0.999993 0.00346602 -0.00135395 -0.00346598 0.999994 1.66929e-05 0.00135405 -1.13069e-05 0.999999 0.830256 1.26117 -0.389598
FixedParameters: 0 0 0

#Transform 71
Transform: AffineTransform_float_3_3
Parameters: 0.999993 0.00344395 -0.00156411 -0.00344405 0.999994 -2.86133e-05 0.00156389 3.33862e-05 0.999999 0.746309 1.11451 -0.45152
FixedParameters: 0 0 0

#Transform 72
Transform: AffineTransform_float_3_3
Parameters: 0.999995 0.00311677 -0.00121459 -0.00311723 0.999995 -0.000186215 0.00121442 0.000189786 0.999999 0.693767 1.10268 -0.292294
FixedParameters: 0 0 0

#Transform 73
Transform: AffineTransform_float_3_3
Parameters: 0.999992 0.00344847 -0.001619 -0.00344853 0.999994 0.000293585 0.00162 -0.000288415 0.999998 0.721821 1.222 -0.585778
FixedParameters: 0 0 0

#Transform 74
Transform: AffineTransform_float_3_3
Parameters: 0.999993 0.00357289 -0.00126032 -0.00357311 0.999993 -8.74973e-05 0.00125968 9.15013e-05 0.999999 0.854504 1.23259 -0.359585
FixedParameters: 0 0 0

#Transform 75
Transform: AffineTransform_float_3_3
Parameters: 0.999991 0.00386616 -0.00161961 -0.00386584 0.999992 0.000104262 0.00162039 -9.77361e-05 0.999998 0.855853 1.29854 -0.566276
FixedParameters: 0 0 0

#Transform 76
Transform: AffineTransform_float_3_3
Parameters: 0.999992 0.00369582 -0.00162042 -0.00369518 0.999993 -0.000111013 0.00161958 0.000116987 0.999998 0.789662 1.23265 -0.461038
FixedParameters: 0 0 0

#Transform 77
Transform: AffineTransform_float_3_3
Parameters: 0.999991 0.00378172 -0.00162298 -0.00378227 0.999992 -0.000783868 0.00162002 0.000790133 0.999999 0.838579 1.12496 -0.224712
FixedParameters: 0 0 0

#Transform 78
Transform: AffineTransform_float_3_3
Parameters: 0.999992 0.00367322 -0.00155784 -0.00367378 0.999993 -0.000498281 0.00155616 0.00050372 0.999998 0.808475 0.998444 -0.279185
FixedParameters: 0 0 0

#Transform 79
Transform: AffineTransform_float_3_3
Parameters: 0.999994 0.00275079 -0.00212915 -0.00275321 0.999995 -0.00150415 0.00212485 0.00150985 0.999996 0.304246 0.601849 -0.0939153
FixedParameters: 0 0 0

#Transform 80
Transform: AffineTransform_float_3_3
Parameters: 0.999994 0.00315961 -0.00176229 -0.00316239 0.999994 -0.00135544 0.00175771 0.00136156 0.999998 0.553731 0.798636 -0.0303641
FixedParameters: 0 0 0

#Transform 81
Transform: AffineTransform_float_3_3
Parameters: 0.999992 0.00301282 -0.0024317 -0.00301418 0.999995 -0.000893677 0.00242829 0.000901322 0.999996 0.320955 0.782293 -0.442297
FixedParameters: 0 0 0

#Transform 82
Transform: AffineTransform_float_3_3
Parameters: 0.999992 0.0033227 -0.0021286 -0.0033253 0.999994 -0.00107793 0.00212541 0.00108507 0.999997 0.506837 0.946025 -0.272391
FixedParameters: 0 0 0

#Transform 83
Transform: AffineTransform_float_3_3
Parameters: 0.999992 0.00334654 -0.002448 -0.00334746 0.999994 -0.000592811 0.002446 0.000601191 0.999997 0.434396 0.975637 -0.571725
FixedParameters: 0 0 0

#Transform 84
Transform: AffineTransform_float_3_3
Parameters: 0.999989 0.00363838 -0.00279572 -0.00364162 0.999992 -0.00129083 0.00279128 0.00130117 0.999996 0.479358 0.988403 -0.412755
FixedParameters: 0 0 0

#Transform 85
Transform: AffineTransform_float_3_3
Parameters: 0.99999 0.00361348 -0.00264219 -0.00361752 0.999992 -0.00170846 0.00263581 0.00171754 0.999995 0.493139 0.805689 -0.199382
FixedParameters: 0 0 0

#Transform 86
Transform: AffineTransform_float_3_3
Parameters: 0.999991 0.00302194 -0.00303605 -0.00302606 0.999994 -0.00133382 0.00303195 0.00134317 0.999994 0.183083 0.709537 -0.434889
FixedParameters: 0 0 0

#Transform 87
Transform: AffineTransform_float_3_3
Parameters: 0.999991 0.00341522 -0.00269806 -0.00341978 0.999992 -0.00176779 0.00269194 0.00177721 0.999995 0.409803 0.787353 -0.183484
FixedParameters: 0 0 0

#Transform 88
Transform: AffineTransform_float_3_3
Parameters: 0.999991 0.00332444 -0.00271659 -0.00332956 0.999993 -0.00167597 0.00271141 0.00168503 0.999995 0.366176 0.708001 -0.241873
FixedParameters: 0 0 0

#Transform 89
Transform: AffineTransform_float_3_3
Parameters: 0.99999 0.00365599 -0.00265291 -0.003661 0.999991 -0.00188331 0.00264609 0.00189369 0.999994 0.508549 0.828627 -0.11421
FixedParameters: 0 0 0

#Transform 90
Transform: AffineTransform_float_3_3
Parameters: 0.99999 0.00359221 -0.00275126 -0.00359679 0.999992 -0.00173712 0.00274474 0.00174688 0.999994 0.453595 0.766259 -0.209695
FixedParameters: 0 0 0

#Transform 91
Transform: AffineTransform_float_3_3
Parameters: 0.999989 0.00365603 -0.00269076 -0.00366096 0.999991 -0.00184317 0.00268424 0.00185283 0.999994 0.491942 0.834566 -0.111602
FixedParameters: 0 0 0

#Transform 92
Transform: AffineTransform_float_3_3
Parameters: 0.99999 0.00365384 -0.00275153 -0.00366116 0.99999 -0.00260095 0.00274147 0.00261104 0.999993 0.458949 0.59364 0.0591949
FixedParameters: 0 0 0

#Transform 93
Transform: AffineTransform_float_3_3
Parameters: 0.999989 0.0036501 -0.00312279 -0.00366091 0.999987 -0.00349261 0.00311021 0.00350439 0.999989 0.373245 0.387427 0.266337
FixedParameters: 0 0 0

#Transform 94
Transform: AffineTransform_float_3_3
Parameters: 0.999988 0.00346411 -0.00330053 -0.00347589 0.999988 -0.00360457 0.00328747 0.00361643 0.999988 0.255614 0.358009 0.261452
FixedParameters: 0 0 0

#Transform 95
Transform: AffineTransform_float_3_3
Parameters: 0.999987 0.00345689 -0.00357777 -0.00346711 0.999989 -0.00310363 0.00356723 0.00311637 0.999989 0.163922 0.394808 -0.00550188
FixedParameters: 0 0 0

#Transform 96
Transform: AffineTransform_float_3_3
Parameters: 0.999988 0.00336432 -0.00357896 -0.00337668 0.999988 -0.00354196 0.00356704 0.00355404 0.999988 0.128203 0.333759 0.182332
FixedParameters: 0 0 0

#Transform 97
Transform: AffineTransform_float_3_3
Parameters: 0.999988 0.00338408 -0.00357642 -0.00339393 0.999991 -0.0027729 0.00356658 0.0027841 0.99999 0.129844 0.443772 -0.120082
FixedParameters: 0 0 0

#Transform 98
Transform: AffineTransform_float_3_3
Parameters: 0.999987 0.00364949 -0.00339641 -0.00366151 0.999987 -0.00338861 0.00338459 0.00340039 0.999989 0.275003 0.470691 0.161055
FixedParameters: 0 0 0

#Transform 99
Transform: AffineTransform_float_3_3
Parameters: 0.999991 0.00340539 -0.00280549 -0.00341462 0.99999 -0.00307145 0.00279451 0.00308155 0.999992 0.324698 0.306427 0.230185
FixedParameters: 0 0 0

#Transform 100
Transform: AffineTransform_float_3_3
Parameters: 0.999991 0.00333352 -0.00269404 -0.00334049 0.999992 -0.00240603 0.00268596 0.00241498 0.999994 0.325786 0.63563 0.0544185
FixedParameters: 0 0 0

#Transform 101
Transform: AffineTransform_float_3_3
Parameters: 0.999991 0.003233 -0.00279963 -0.003237 0.999993 -0.00142595 0.00279437 0.00143505 0.999995 0.273718 0.732429 -0.336062
FixedParameters: 0 0 0

#Transform 102
Transform: AffineTransform_float_3_3
Parameters: 0.999991 0.0035016 -0.00268406 -0.0035074 0.999992 -0.00201061 0.00267694 0.00202039 0.999995 0.400982 0.753643 -0.094422
FixedParameters: 0 0 0

#Transform 103
Transform: AffineTransform_float_3_3
Parameters: 0.999988 0.00365528 -0.00320154 -0.00366071 0.999991 -0.0017813 0.00319447 0.0017927 0.999994 0.324227 0.824031 -0.336041
FixedParameters: 0 0 0

#Transform 104
Transform: AffineTransform_float_3_3
Parameters: 0.999989 0.00365664 -0.00288353 -0.00366136 0.999992 -0.00150646 0.00287747 0.00151754 0.999994 0.402473 0.843161 -0.334161
FixedParameters: 0 0 0

#Transform 105
Transform: AffineTransform_float_3_3
Parameters: 0.999989 0.00365459 -0.0026997 -0.00366141 0.999991 -0.00237314 0.0026913 0.00238286 0.999993 0.448096 0.70508 0.0343266
FixedParameters: 0 0 0

#Transform 106
Transform: AffineTransform_float_3_3
Parameters: 0.999989 0.00365717 -0.00268622 -0.00366083 0.999993 -0.00142118 0.00268178 0.00143082 0.999996 0.440028 0.91044 -0.329737
FixedParameters: 0 0 0

#Transform 107
Transform: AffineTransform_float_3_3
Parameters: 0.999989 0.00350015 -0.00318843 -0.00350585 0.999992 -0.00182984 0.00318157 0.00184116 0.999993 0.262258 0.73391 -0.307044
FixedParameters: 0 0 0

#Transform 108
Transform: AffineTransform_float_3_3
Parameters: 0.999989 0.00365466 -0.00290201 -0.00366134 0.999991 -0.0021834 0.002894 0.0021936 0.999994 0.389895 0.749873 -0.0927136
FixedParameters: 0 0 0

#Transform 109
Transform: AffineTransform_float_3_3
Parameters: 0.999989 0.00365485 -0.00300949 -0.00366115 0.999991 -0.00204201 0.00300151 0.00205299 0.999994 0.355996 0.766156 -0.178784
FixedParameters: 0 0 0

#Transform 110
Transform: AffineTransform_float_3_3
Parameters: 0.999987 0.00365373 -0.00360539 -0.00366127 0.999992 -0.00201283 0.00359761 0.00202617 0.999992 0.200867 0.709433 -0.385304
FixedParameters: 0 0 0

#Transform 111
Transform: AffineTransform_float_3_3
Parameters: 0.999986 0.00418516 -0.00320259 -0.00419485 0.999988 -0.00275961 0.00319141 0.0027734 0.999991 0.495282 0.761247 0.0240672
FixedParameters: 0 0 0

#Transform 112
Transform: AffineTransform_float_3_3
Parameters: 0.999986 0.00418575 -0.00330048 -0.00419424 0.999988 -0.00249519 0.00328951 0.00250981 0.999992 0.470142 0.78961 -0.117374
FixedParameters: 0 0 0

#Transform 113
Transform: AffineTransform_float_3_3
Parameters: 0.999987 0.00392942 -0.00342986 -0.00393858 0.999989 -0.00249853 0.00342014 0.00251247 0.999991 0.344661 0.712915 -0.155333
FixedParameters: 0 0 0

#Transform 114
Transform: AffineTransform_float_3_3
Parameters: 0.999986 0.00414453 -0.00328245 -0.00415147 0.999989 -0.0022714 0.00327255 0.00228559 0.999992 0.472957 0.905205 -0.183835
FixedParameters: 0 0 0

#Transform 115
Transform: AffineTransform_float_3_3
Parameters: 0.999986 0.00381539 -0.00365087 -0.00382061 0.999991 -0.00153107 0.00364513 0.00154493 0.999992 0.256027 0.927196 -0.593782
FixedParameters: 0 0 0

#Transform 116
Transform: AffineTransform_float_3_3
Parameters: 0.999987 0.00385436 -0.00334514 -0.00386364 0.999989 -0.00288011 0.00333486 0.00289289 0.999991 0.356294 0.664191 0.0339303
FixedParameters: 0 0 0

#Transform 117
Transform: AffineTransform_float_3_3
Parameters: 0.999988 0.00360128 -0.00329456 -0.00360972 0.99999 -0.00264414 0.00328445 0.00265586 0.999991 0.284837 0.600746 -0.0278229
FixedParameters: 0 0 0

#Transform 118
Transform: AffineTransform_float_3_3
Parameters: 0.999987 0.00356998 -0.00366082 -0.00357902 0.99999 -0.00245993 0.00365218 0.00247307 0.999991 0.16933 0.615129 -0.221933
FixedParameters: 0 0 0

#Transform 119
Transform: AffineTransform_float_3_3
Parameters: 0.999987 0.0038369 -0.00342834 -0.0038461 0.999989 -0.00294485 0.00341667 0.00295715 0.99999 0.330655 0.641838 0.0578993
FixedParameters: 0 0 0

#Transform 120
Transform: AffineTransform_float_3_3
Parameters: 0.999986 0.00383853 -0.00343648 -0.00384646 0.999989 -0.00245981 0.00342752 0.00247319 0.999991 0.339065 0.707566 -0.136613
FixedParameters: 0 0 0

#Transform 121
Transform: AffineTransform_float_3_3
Parameters: 0.999987 0.00357081 -0.00343054 -0.00357919 0.999991 -0.00238375 0.00342246 0.00239625 0.999992 0.230571 0.633731 -0.16603
FixedParameters: 0 0 0

#Transform 122
Transform: AffineTransform_float_3_3
Parameters: 0.999988 0.00357077 -0.00340266 -0.00357923 0.99999 -0.00241585 0.00339434 0.00242815 0.999992 0.266441 0.69858 -0.140592
FixedParameters: 0 0 0

#Transform 123
Transform: AffineTransform_float_3_3
Parameters: 0.999987 0.00357019 -0.00348205 -0.00357981 0.999991 -0.00252757 0.00347294 0.00254043 0.99999 0.253392 0.609644 -0.13776
FixedParameters: 0 0 0

#Transform 124
Transform: AffineTransform_float_3_3
Parameters: 0.999987 0.00356976 -0.00369096 -0.00357924 0.999991 -0.00250082 0.00368204 0.00251418 0.99999 0.219982 0.618331 -0.201332
FixedParameters: 0 0 0

#Transform 125
Transform: AffineTransform_float_3_3
Parameters: 0.999988 0.00311872 -0.00360532 -0.00312628 0.999993 -0.00201675 0.00359869 0.00202725 0.999992 0.0779636 0.649251 -0.363023
FixedParameters: 0 0 0

#Transform 126
Transform: AffineTransform_float_3_3
Parameters: 0.999988 0.00324167 -0.00351969 -0.00325033 0.999992 -0.00236259 0.00351231 0.00237441 0.999991 0.101057 0.4604 -0.199415
FixedParameters: 0 0 0

#Transform 127
Transform: AffineTransform_float_3_3
Parameters: 0.999991 0.00294418 -0.00312843 -0.00295082 0.999994 -0.00217879 0.00312156 0.00218821 0.999992 0.106718 0.577794 -0.143537
FixedParameters: 0 0 0

#Transform 128
Transform: AffineTransform_float_3_3
Parameters: 0.999988 0.00294411 -0.00374343 -0.00295089 0.999994 -0.00183697 0.00373757 0.00184803 0.999992 -0.0553418 0.630397 -0.446008
FixedParameters: 0 0 0

#Transform 129
Transform: AffineTransform_float_3_3
Parameters: 0.999987 0.00347401 -0.00370457 -0.00348099 0.999992 -0.00188213 0.00369743 0.00189587 0.999992 0.143344 0.792643 -0.453042
FixedParameters: 0 0 0

#Transform 130
Transform: AffineTransform_float_3_3
Parameters: 0.999987 0.00329546 -0.00372291 -0.00330154 0.999994 -0.00148273 0.00371809 0.00149527 0.999992 0.0728015 0.806445 -0.585893
FixedParameters: 0 0 0

#Transform 131
Transform: AffineTransform_float_3_3
Parameters: 0.999987 0.00364189 -0.003708 -0.00364911 0.999991 -0.00191249 0.00370101 0.0019255 0.999992 0.199562 0.828362 -0.435851
FixedParameters: 0 0 0

#Transform 132
Transform: AffineTransform_float_3_3
Parameters: 0.999987 0.00347585 -0.00372981 -0.00348115 0.999993 -0.00137603 0.00372519 0.00138897 0.999992 0.123428 0.868448 -0.62982
FixedParameters: 0 0 0

#Transform 133
Transform: AffineTransform_float_3_3
Parameters: 0.999986 0.00396666 -0.00366397 -0.00397335 0.99999 -0.00199947 0.00365604 0.00201353 0.999992 0.32358 0.908215 -0.361861
FixedParameters: 0 0 0

#Transform 134
Transform: AffineTransform_float_3_3
Parameters: 0.999985 0.00379056 -0.00406888 -0.00379944 0.99999 -0.00206757 0.00406112 0.00208342 0.999989 0.147366 0.784262 -0.480062
FixedParameters: 0 0 0

#Transform 135
Transform: AffineTransform_float_3_3
Parameters: 0.999985 0.00402066 -0.00354861 -0.00402934 0.999989 -0.00262974 0.00353739 0.00264426 0.99999 0.375558 0.757162 -0.108508
FixedParameters: 0 0 0

#Transform 136
Transform: AffineTransform_float_3_3
Parameters: 0.999984 0.00402051 -0.00382599 -0.00402949 0.999989 -0.00247562 0.003816 0.00249138 0.999989 0.297642 0.760094 -0.265681
FixedParameters: 0 0 0

#Transform 137
Transform: AffineTransform_float_3_3
Parameters: 0.999985 0.00402013 -0.00375659 -0.00402987 0.999988 -0.0026239 0.00374641 0.0026391 0.999989 0.324234 0.721745 -0.177332
FixedParameters: 0 0 0

#Transform 138
Transform: AffineTransform_float_3_3
Parameters: 0.999986 0.00401962 -0.00349796 -0.00402938 0.999987 -0.00296594 0.00348603 0.00298005 0.999989 0.39713 0.69816 0.0456566
FixedParameters: 0 0 0

#Transform 139
Transform: AffineTransform_float_3_3
Parameters: 0.999985 0.00401957 -0.00374523 -0.00402943 0.999988 -0.00278195 0.00373377 0.00279705 0.999989 0.330383 0.679953 -0.114296
FixedParameters: 0 0 0

#Transform 140
Transform: AffineTransform_float_3_3
Parameters: 0.999986 0.00401879 -0.00359458 -0.00403021 0.999987 -0.00311756 0.00358143 0.00313144 0.999988 0.379727 0.591136 0.0682472
FixedParameters: 0 0 0

#Transform 141
Transform: AffineTransform_float_3_3
Parameters: 0.999985 0.00410954 -0.00342737 -0.00411945 0.999987 -0.00275592 0.00341563 0.00277008 0.999991 0.462339 0.792805 -0.0204953
FixedParameters: 0 0 0

#Transform 142
Transform: AffineTransform_float_3_3
Parameters: 0.999985 0.00408636 -0.00379441 -0.00409665 0.999989 -0.0025375 0.00378458 0.0025535 0.999989 0.346349 0.78183 -0.242355
FixedParameters: 0 0 0

#Transform 143
Transform: AffineTransform_float_3_3
Parameters: 0.999987 0.00384703 -0.00351305 -0.00385797 0.999987 -0.00312149 0.00350095 0.00313451 0.999989 0.322179 0.568813 0.0906023
FixedParameters: 0 0 0

#Transform 144
Transform: AffineTransform_float_3_3
Parameters: 0.999987 0.00384756 -0.00351646 -0.00385745 0.999988 -0.00296748 0.00350555 0.00298053 0.99999 0.337735 0.624207 0.0214765
FixedParameters: 0 0 0

#Transform 145
Transform: AffineTransform_float_3_3
Parameters: 0.999986 0.00384754 -0.0034208 -0.00385746 0.999988 -0.00305684 0.0034082 0.00307015 0.999989 0.368415 0.558143 0.067061
FixedParameters: 0 0 0

#Transform 146
Transform: AffineTransform_float_3_3
Parameters: 0.999986 0.00384407 -0.00378321 -0.00385793 0.999986 -0.00368146 0.0037698 0.00369554 0.999986 0.266279 0.44871 0.21473
FixedParameters: 0 0 0

#Transform 147
Transform: AffineTransform_float_3_3
Parameters: 0.999985 0.00351213 -0.00415207 -0.00352387 0.999989 -0.00285541 0.00414193 0.00286959 0.999988 0.0367207 0.541887 -0.269507
FixedParameters: 0 0 0

#Transform 148
Transform: AffineTransform_float_3_3
Parameters: 0.999988 0.00340848 -0.00365889 -0.00341852 0.999991 -0.00259852 0.00365011 0.00261047 0.99999 0.134578 0.522467 -0.171635
FixedParameters: 0 0 0

#Transform 149
Transform: AffineTransform_float_3_3
Parameters: 0.999988 0.00338211 -0.00338292 -0.00339289 0.999989 -0.00321856 0.00337208 0.00322944 0.999989 0.201566 0.395078 0.158922
FixedParameters: 0 0 0

#Transform 150
Transform: AffineTransform_float_3_3
Parameters: 0.999987 0.00324738 -0.00388954 -0.00325363 0.999994 -0.00169837 0.00388446 0.00171064 0.999991 0.00931841 0.73194 -0.54055
FixedParameters: 0 0 0

#Transform 151
Transform: AffineTransform_float_3_3
Parameters: 0.999987 0.00329576 -0.00374692 -0.00330724 0.99999 -0.00299765 0.00373708 0.00300936 0.999989 0.054999 0.448255 -0.0506726
FixedParameters: 0 0 0

#Transform 152
Transform: AffineTransform_float_3_3
Parameters: 0.999987 0.00327042 -0.00388125 -0.00327958 0.999992 -0.0022063 0.00387375 0.0022187 0.99999 -0.000367253 0.544438 -0.364063
FixedParameters: 0 0 0

#Transform 153
Transform: AffineTransform_float_3_3
Parameters: 0.999988 0.00326743 -0.00350289 -0.00327857 0.99999 -0.00301655 0.00349311 0.00302845 0.99999 0.0967329 0.476384 0.0573146
FixedParameters: 0 0 0

#Transform 154
Transform: AffineTransform_float_3_3
Parameters: 0.999986 0.00338104 -0.00391449 -0.00339196 0.999991 -0.00279576 0.00390551 0.00280924 0.999989 0.0467325 0.470317 -0.182925
FixedParameters: 0 0 0

#Transform 155
Transform: AffineTransform_float_3_3
Parameters: 0.999987 0.00348662 -0.00366976 -0.00349938 0.999987 -0.0036452 0.00365725 0.0036578 0.999986 0.140024 0.40216 0.23933
FixedParameters: 0 0 0

#Transform 156
Transform: AffineTransform_float_3_3
Parameters: 0.999987 0.00337124 -0.00382539 -0.00338275 0.999989 -0.0030711 0.00381461 0.0030839 0.999988 0.0682951 0.398562 -0.04462
FixedParameters: 0 0 0

#Transform 157
Transform: AffineTransform_float_3_3
Parameters: 0.999989 0.00297549 -0.00357397 -0.00299151 0.999986 -0.00434136 0.00356103 0.00435264 0.999984 -0.00517056 0.051452 0.494626
FixedParameters: 0 0 0

#Transform 158
Transform: AffineTransform_float_3_3
Parameters: 0.999988 0.00271812 -0.00413681 -0.00273288 0.99999 -0.00359574 0.00412618 0.00360726 0.999985 -0.240408 0.0636988 0.0271997
FixedParameters: 0 0 0

#Transform 159
Transform: AffineTransform_float_3_3
Parameters: 0.99999 0.00285255 -0.00361964 -0.00286645 0.999989 -0.00371666 0.00360936 0.00372733 0.999986 -0.0436524 0.171594 0.271527
FixedParameters: 0 0 0

#Transform 160
Transform: AffineTransform_float_3_3
Parameters: 0.99999 0.00295841 -0.00352293 -0.0029696 0.999991 -0.00300557 0.00351408 0.00301543 0.99999 0.0144669 0.261836 0.0342002
FixedParameters: 0 0 0

#Transform 161
Transform: AffineTransform_float_3_3
Parameters: 0.999989 0.00340758 -0.00340948 -0.00342142 0.999985 -0.00423339 0.00339453 0.00424562 0.999985 0.191453 0.162758 0.541388
FixedParameters: 0 0 0

#Transform 162
Transform: AffineTransform_float_3_3
Parameters: 0.999989 0.00341004 -0.00340701 -0.00342196 0.999988 -0.00351038 0.00339499 0.00352162 0.999988 0.18967 0.367757 0.242977
FixedParameters: 0 0 0

#Transform 163
Transform: AffineTransform_float_3_3
Parameters: 0.999986 0.00340982 -0.00398446 -0.00342219 0.999989 -0.00305541 0.00397454 0.00306859 0.999988 0.0299104 0.449396 -0.119811
FixedParameters: 0 0 0

#Transform 164
Transform: AffineTransform_float_3_3
Parameters: 0.999986 0.00373658 -0.00369859 -0.00374843 0.999988 -0.00335818 0.00368641 0.00337182 0.999987 0.219508 0.511107 0.0716798
FixedParameters: 0 0 0

#Transform 165
Transform: AffineTransform_float_3_3
Parameters: 0.999986 0.00384447 -0.00368611 -0.00385653 0.999987 -0.00339783 0.00367289 0.00341217 0.999988 0.265374 0.463854 0.117877
FixedParameters: 0 0 0

#Transform 166
Transform: AffineTransform_float_3_3
Parameters: 0.999985 0.00402843 -0.00352671 -0.00404356 0.999984 -0.0041328 0.00350929 0.0041472 0.999985 0.38008 0.404276 0.458461
FixedParameters: 0 0 0

#Transform 167
Transform: AffineTransform_float_3_3
Parameters: 0.999986 0.00384382 -0.00361905 -0.00385618 0.999986 -0.00364209 0.00360495 0.00365591 0.999987 0.2731 0.381411 0.219454
FixedParameters: 0 0 0

#Transform 168
Transform: AffineTransform_float_3_3
Parameters: 0.999985 0.00404064 -0.00372445 -0.00405236 0.999987 -0.00331596 0.00371055 0.00333104 0.999987 0.336284 0.602842 0.092581
FixedParameters: 0 0 0

#Transform 169
Transform: AffineTransform_float_3_3
Parameters: 0.999988 0.00360614 -0.00353215 -0.00361786 0.999988 -0.00335726 0.00351985 0.00337074 0.999988 0.217245 0.388831 0.1473
FixedParameters: 0 0 0

#Transform 170
Transform: AffineTransform_float_3_3
Parameters: 0.999986 0.0038436 -0.00343803 -0.00385639 0.999985 -0.00389779 0.00342297 0.00391121 0.999986 0.335495 0.409546 0.40038
FixedParameters: 0 0 0

#Transform 171
Transform: AffineTransform_float_3_3
Parameters: 0.999985 0.00397225 -0.00381432 -0.00398575 0.999986 -0.00334085 0.00380167 0.00335615 0.999987 0.273082 0.524962 0.0566992
FixedParameters: 0 0 0

#Transform 172
Transform: AffineTransform_float_3_3
Parameters: 0.999987 0.00384309 -0.0035063 -0.0038569 0.999984 -0.00396753 0.0034907 0.00398147 0.999986 0.304729 0.335682 0.418663
FixedParameters: 0 0 0

#Transform 173
Transform: AffineTransform_float_3_3
Parameters: 0.999986 0.00384271 -0.00368396 -0.00385628 0.999985 -0.00387885 0.00366804 0.00389315 0.999985 0.26618 0.390198 0.298861
FixedParameters: 0 0 0

#Transform 174
Transform: AffineTransform_float_3_3
Parameters: 0.999985 0.00384506 -0.00373035 -0.00385694 0.999988 -0.00319966 0.00371765 0.00321434 0.999988 0.263017 0.569821 0.056642
FixedParameters: 0 0 0

#Transform 175
Transform: AffineTransform_float_3_3
Parameters: 0.999986 0.00378791 -0.00383795 -0.00380409 0.999984 -0.00419346 0.00382206 0.00420754 0.999984 0.201906 0.272268 0.3562
FixedParameters: 0 0 0

#Transform 176
Transform: AffineTransform_float_3_3
Parameters: 0.999987 0.00341257 -0.00395437 -0.00342843 0.999986 -0.00390149 0.00394063 0.0039145 0.999984 0.048337 0.23737 0.228506
FixedParameters: 0 0 0

#Transform 177
Transform: AffineTransform_float_3_3
Parameters: 0.999988 0.00344337 -0.00345962 -0.00345464 0.999989 -0.00336209 0.00344839 0.00337392 0.999989 0.182573 0.357081 0.176567
FixedParameters: 0 0 0

#Transform 178
Transform: AffineTransform_float_3_3
Parameters: 0.999982 0.00422866 -0.00425928 -0.00424634 0.999982 -0.00406998 0.00424271 0.00408801 0.999982 0.201745 0.375512 0.212662
FixedParameters: 0 0 0

#Transform 179
Transform: AffineTransform_float_3_3
Parameters: 0.999981 0.00480976 -0.00368304 -0.00482224 0.999983 -0.0033223 0.00366696 0.0033397 0.999987 0.564542 0.820693 0.123723
FixedParameters: 0 0 0

#Transform 180
Transform: AffineTransform_float_3_3
Parameters: 0.999985 0.00402888 -0.00369606 -0.00403812 0.999988 -0.00273412 0.00368495 0.00274889 0.99999 0.313772 0.69119 -0.109922
FixedParameters: 0 0 0

#Transform 181
Transform: AffineTransform_float_3_3
Parameters: 0.999984 0.00426802 -0.00376277 -0.00428098 0.999985 -0.00344795 0.00374823 0.00346405 0.999987 0.391416 0.674188 0.143981
FixedParameters: 0 0 0

#Transform 182
Transform: AffineTransform_float_3_3
Parameters: 0.999982 0.00437731 -0.00410948 -0.00438869 0.999987 -0.00283902 0.00409651 0.00285798 0.999987 0.33568 0.743527 -0.19713
FixedParameters: 0 0 0

#Transform 183
Transform: AffineTransform_float_3_3
Parameters: 0.999982 0.00432409 -0.00401802 -0.00433791 0.999984 -0.00346063 0.00400298 0.00347737 0.999986 0.342385 0.637011 0.0997605
FixedParameters: 0 0 0

#Transform 184
Transform: AffineTransform_float_3_3
Parameters: 0.999983 0.00419921 -0.00402424 -0.00420979 0.999988 -0.0024271 0.00401376 0.0024439 0.999989 0.298122 0.787343 -0.289995
FixedParameters: 0 0 0

#Transform 185
Transform: AffineTransform_float_3_3
Parameters: 0.999981 0.00474342 -0.00392669 -0.00475859 0.999982 -0.00371339 0.00390932 0.00373161 0.999986 0.517264 0.72048 0.225058
FixedParameters: 0 0 0

#Transform 186
Transform: AffineTransform_float_3_3
Parameters: 0.99998 0.00466212 -0.00410681 -0.00467588 0.999984 -0.00337586 0.00409119 0.00339514 0.999986 0.43649 0.735016 0.0300814
FixedParameters: 0 0 0

#Transform 187
Transform: AffineTransform_float_3_3
Parameters: 0.999982 0.0045991 -0.00399375 -0.0046109 0.999985 -0.00297564 0.00397925 0.00299436 0.999987 0.432807 0.806817 -0.0848866
FixedParameters: 0 0 0

#Transform 188
Transform: AffineTransform_float_3_3
Parameters: 0.99998 0.00479045 -0.0040853 -0.00480655 0.999981 -0.00380444 0.0040677 0.00382456 0.999985 0.479151 0.712744 0.195473
FixedParameters: 0 0 0

#Transform 189
Transform: AffineTransform_float_3_3
Parameters: 0.99998 0.00466128 -0.00409666 -0.00467472 0.999984 -0.00334492 0.00408134 0.00336409 0.999986 0.431276 0.715005 0.0212048
FixedParameters: 0 0 0

#Transform 190
Transform: AffineTransform_float_3_3
