# transform file /out/sourcedata/freesurfer/sub-v1s0x0050646_ses-1/mri/transforms/cc_up.lta
# created by oesteban on Sun Mar  8 14:36:03 2026

type      = 0 # LINEAR_VOX_TO_VOX
nxforms   = 1
mean      = 130.0000 115.0000 115.0000
sigma     = 10000.0000
1 4 4
9.960283637046814e-01 -7.750484347343445e-02 4.382351413369179e-02 4.739810943603516e+00 
7.742993533611298e-02 9.969919323921204e-01 3.406782401725650e-03 2.405656814575195e+01 
-4.395573213696480e-02 0.000000000000000e+00 9.990334510803223e-01 2.870364761352539e+01 
0.000000000000000e+00 0.000000000000000e+00 0.000000000000000e+00 1.000000000000000e+00 
src volume info
valid = 1  # volume info valid
filename = /out/sourcedata/freesurfer/sub-v1s0x0050646_ses-1/mri/norm.mgz
volume = 256 256 256
voxelsize = 1.000000000000000e+00 1.000000000000000e+00 1.000000000000000e+00
xras   = -1.000000000000000e+00 0.000000000000000e+00 0.000000000000000e+00
yras   = 0.000000000000000e+00 0.000000000000000e+00 -1.000000000000000e+00
zras   = 0.000000000000000e+00 1.000000000000000e+00 0.000000000000000e+00
cras   = 1.421310424804688e+00 -6.000000000000000e+00 2.660533142089844e+01
dst volume info
valid = 1  # volume info valid
filename = /out/sourcedata/freesurfer/sub-v1s0x0050646_ses-1/mri/norm.mgz
volume = 256 256 256
voxelsize = 1.000000000000000e+00 1.000000000000000e+00 1.000000000000000e+00
xras   = -1.000000000000000e+00 0.000000000000000e+00 0.000000000000000e+00
yras   = 0.000000000000000e+00 0.000000000000000e+00 -1.000000000000000e+00
zras   = 0.000000000000000e+00 1.000000000000000e+00 0.000000000000000e+00
cras   = 1.421310424804688e+00 -6.000000000000000e+00 2.660533142089844e+01
