#Insight Transform File V1.0
#Transform 0
Transform: AffineTransform_float_3_3
Parameters: 1 0.000962567 -0.000580718 -0.000962434 1 -0.000745441 0.000580282 0.000746559 0.999999 0.269321 0.136683 0.203278
FixedParameters: 0 0 0

#Transform 1
Transform: AffineTransform_float_3_3
Parameters: 1 0.000962856 -0.000366381 -0.000962146 1 -0.000395648 0.00036562 0.000395352 1 0.31424 0.229741 0.0576814
FixedParameters: 0 0 0

#Transform 2
Transform: AffineTransform_float_3_3
Parameters: 1 0.000962873 -0.000288429 -0.000962129 1 -0.000445723 0.000287572 0.000445277 1 0.330712 0.225063 0.0948499
FixedParameters: 0 0 0

#Transform 3
Transform: AffineTransform_float_3_3
Parameters: 1 0.000452941 -0.000395068 -0.000453059 1 -0.000149821 0.000394932 0.000149179 1 0.10257 0.154536 -0.0600667
FixedParameters: 0 0 0

#Transform 4
Transform: AffineTransform_float_3_3
Parameters: 1 0.000591983 -0.000103098 -0.000592017 1 -0.000165939 0.000102902 0.000166061 1 0.215515 0.185702 0.0156929
FixedParameters: 0 0 0

#Transform 5
Transform: AffineTransform_float_3_3
Parameters: 0.999999 0.000962962 -0.00022216 -0.000962036 0.999999 -0.000165786 0.00022184 0.000166214 1 0.343759 0.283482 -0.011066
FixedParameters: 0 0 0

#Transform 6
Transform: AffineTransform_float_3_3
Parameters: 0.999999 0.000962983 -9.81598e-05 -0.000962015 0.999999 -0.000165906 9.78402e-05 0.000166094 1 0.367667 0.31979 0.0328072
FixedParameters: 0 0 0

#Transform 7
Transform: AffineTransform_float_3_3
Parameters: 0.999999 0.000728958 -0.000252121 -0.000729041 0.999999 -0.000165816 0.000251879 0.000166184 1 0.2426 0.221056 -0.0544721
FixedParameters: 0 0 0

#Transform 8
Transform: AffineTransform_float_3_3
Parameters: 1 0.000962968 -0.000291106 -0.000962032 0.999999 -0.00010972 0.000290894 0.00011028 1 0.32494 0.320678 -0.0610407
FixedParameters: 0 0 0

#Transform 9
Transform: AffineTransform_float_3_3
Parameters: 1 0.000649022 0.000134892 -0.000648977 1 -0.000166088 -0.000135108 0.000166912 1 0.270133 0.228416 0.0715877
FixedParameters: 0 0 0

#Transform 10
Transform: AffineTransform_float_3_3
Parameters: 1 0.000480968 -0.000291053 -0.000481032 1 -0.00011086 0.000290947 0.00011014 1 0.127284 0.169492 -0.0932709
FixedParameters: 0 0 0

#Transform 11
Transform: AffineTransform_float_3_3
Parameters: 1 0.000481027 -0.000290954 -0.000481972 1 9.51402e-05 0.000291046 -9.486e-05 1 0.129253 0.238625 -0.155884
FixedParameters: 0 0 0

#Transform 12
Transform: AffineTransform_float_3_3
Parameters: 1 0.000481009 -9.29543e-05 -0.000480991 1 9.50447e-05 9.30457e-05 -9.49552e-05 1 0.157256 0.238419 -0.119117
FixedParameters: 0 0 0

#Transform 13
Transform: AffineTransform_float_3_3
Parameters: 1 0.000480914 -0.000291142 -0.000481086 1 -0.00029486 0.000290858 0.00029414 1 0.130204 0.178473 0.0393327
FixedParameters: 0 0 0

#Transform 14
Transform: AffineTransform_float_3_3
Parameters: 1 0.000480935 -0.000291108 -0.000481065 1 -0.00022386 0.000290892 0.00022414 1 0.130194 0.138977 0.00657232
FixedParameters: 0 0 0

#Transform 15
Transform: AffineTransform_float_3_3
Parameters: 0.999999 -0.000194394 -0.000763155 0.000194606 0.999999 0.000793852 0.000762846 -0.000794149 1 -0.205848 0.131215 -0.5321
FixedParameters: 0 0 0

#Transform 16
Transform: AffineTransform_float_3_3
Parameters: 1 -0.000195044 -3.97837e-05 0.000194957 1 -0.00110901 3.92162e-05 0.00110899 1 -0.22464 -0.191367 0.487957
FixedParameters: 0 0 0

#Transform 17
Transform: AffineTransform_float_3_3
Parameters: 1 0.000147005 -3.39779e-05 -0.000146995 1 0.000150005 3.4022e-05 -0.000149995 1 -0.0179545 0.0436744 0.0291649
FixedParameters: 0 0 0

#Transform 18
Transform: AffineTransform_float_3_3
Parameters: 1 0.000217926 -0.000144112 -0.000218074 1 -0.000511968 0.000143888 0.000512031 1 0.0369871 0.0466004 0.1967
FixedParameters: 0 0 0

#Transform 19
Transform: AffineTransform_float_3_3
Parameters: 1 0.000433978 -3.42821e-05 -0.000434022 0.999999 -0.000649985 3.37179e-05 0.000650014 1 0.153291 0.0651194 0.302591
FixedParameters: 0 0 0

#Transform 20
Transform: AffineTransform_float_3_3
Parameters: 1 1.50098e-05 -3.39957e-05 -1.49902e-05 1 0.000288 3.40043e-05 -0.000287999 1 -0.0121658 0.041609 -0.147771
FixedParameters: 0 0 0

#Transform 21
Transform: AffineTransform_float_3_3
Parameters: 1 0.000433985 0.000153043 -0.000434015 1 9.89336e-05 -0.000152957 -9.90664e-05 1 0.207823 0.235065 0.00280126
FixedParameters: 0 0 0

#Transform 22
Transform: AffineTransform_float_3_3
Parameters: 1 -0.000128223 0.000454937 0.000127777 1 0.000490058 -0.000455063 -0.000489942 1 0.0362014 0.0428694 -0.114397
FixedParameters: 0 0 0

#Transform 23
Transform: AffineTransform_float_3_3
Parameters: 1 -0.000223 -3.00914e-06 0.000223 1 4.09993e-05 2.99086e-06 -4.10007e-05 1 -0.087482 0.0120785 -0.0275723
FixedParameters: 0 0 0

#Transform 24
Transform: AffineTransform_float_3_3
Parameters: 1 0.000579957 0.00103602 -0.000580042 1 4.03991e-05 -0.00103598 -4.16009e-05 1 0.412013 0.222356 0.233231
FixedParameters: 0 0 0

#Transform 25
Transform: AffineTransform_float_3_3
Parameters: 1 -7.40009e-05 1.89963e-05 7.3999e-05 1 5.00014e-05 -1.90037e-05 -4.99986e-05 1 -0.0172424 0.0447007 -0.0409106
FixedParameters: 0 0 0

#Transform 26
Transform: AffineTransform_float_3_3
Parameters: 1 3.99966e-06 8.00017e-06 -4.00034e-06 1 4.3e-05 -7.99983e-06 -4.3e-05 1 0.0280499 0.0626125 -0.0351765
FixedParameters: 0 0 0

#Transform 27
Transform: AffineTransform_float_3_3
Parameters: 1 -0.000245961 -0.000325029 0.000246039 1 0.00011992 0.00032497 -0.00012008 1 -0.143548 -0.0222808 -0.167683
FixedParameters: 0 0 0

#Transform 28
Transform: AffineTransform_float_3_3
Parameters: 1 4.00268e-06 7.99866e-06 -3.99732e-06 1 -0.000335 -8.00134e-06 0.000335 1 0.0124339 -0.0218393 0.136336
FixedParameters: 0 0 0

#Transform 29
Transform: AffineTransform_float_3_3
Parameters: 1 3.99904e-06 8.00048e-06 -4.00096e-06 1 0.00012 -7.99952e-06 -0.00012 1 0.0224326 0.0328023 -0.0520154
FixedParameters: 0 0 0

#Transform 30
Transform: AffineTransform_float_3_3
Parameters: 1 4.0004e-06 7.9998e-06 -3.9996e-06 1 -5e-05 -8.0002e-06 5e-05 1 0.0124332 0.0403532 0.0216411
FixedParameters: 0 0 0

#Transform 31
Transform: AffineTransform_float_3_3
Parameters: 1 4.00961e-06 -4.59992e-05 -3.99039e-06 1 0.000209 4.60008e-05 -0.000209 1 0.00201581 0.101421 -0.103417
FixedParameters: 0 0 0

#Transform 32
Transform: AffineTransform_float_3_3
Parameters: 1 4.04776e-06 -0.000397999 -3.95224e-06 1 0.000120002 0.000398 -0.000119998 1 -0.0658125 0.0618528 -0.183966
FixedParameters: 0 0 0

#Transform 33
Transform: AffineTransform_float_3_3
Parameters: 1 3.95625e-06 -9.70018e-05 -4.04375e-06 1 -0.000451 9.69982e-05 0.000451 1 -0.00783714 -0.0356377 0.166453
FixedParameters: 0 0 0

#Transform 34
Transform: AffineTransform_float_3_3
Parameters: 1 -0.000384999 8.06275e-06 0.000385001 1 -0.000162997 -7.93724e-06 0.000163003 1 -0.145923 -0.133228 0.0496156
FixedParameters: 0 0 0

#Transform 35
Transform: AffineTransform_float_3_3
Parameters: 1 4.05263e-06 0.000305999 -3.94737e-06 1 -0.000172001 -0.000306001 0.000171999 1 0.0870615 0.0208956 0.167187
FixedParameters: 0 0 0

#Transform 36
Transform: AffineTransform_float_3_3
Parameters: 1 4.002e-06 0.000111 -3.998e-06 1 -1.80004e-05 -0.000111 1.79996e-05 1 0.0494331 0.0722169 0.0386973
FixedParameters: 0 0 0

#Transform 37
Transform: AffineTransform_float_3_3
Parameters: 1 3.99889e-06 8.00056e-06 -4.00111e-06 1 0.000139 -7.99944e-06 -0.000139 1 0.0190666 0.0724221 -0.06768
FixedParameters: 0 0 0

#Transform 38
Transform: AffineTransform_float_3_3
Parameters: 1 -5.09983e-05 8.01096e-06 5.10017e-05 1 -0.000215 -7.98903e-06 0.000215 1 -0.00924722 0.0198176 0.0877209
FixedParameters: 0 0 0

#Transform 39
Transform: AffineTransform_float_3_3
Parameters: 1 3.99956e-06 8.00022e-06 -4.00044e-06 1 5.5e-05 -7.99978e-06 -5.5e-05 1 0.0239317 0.0316168 -0.0391163
FixedParameters: 0 0 0

#Transform 40
Transform: AffineTransform_float_3_3
Parameters: 1 4.00172e-06 7.99914e-06 -3.99828e-06 1 -0.000215 -8.00086e-06 0.000215 1 0.0295658 -0.00124675 0.113825
FixedParameters: 0 0 0

#Transform 41
Transform: AffineTransform_float_3_3
Parameters: 1 3.99952e-06 8.00024e-06 -4.00048e-06 1 6e-05 -7.99976e-06 -6e-05 1 0.0295651 0.0495957 -0.00109967
FixedParameters: 0 0 0

#Transform 42
Transform: AffineTransform_float_3_3
Parameters: 1 3.99678e-06 8.00161e-06 -4.00322e-06 1 0.000403 -7.99839e-06 -0.000403 1 0.0295645 0.146779 -0.123919
FixedParameters: 0 0 0

#Transform 43
Transform: AffineTransform_float_3_3
Parameters: 1 3.99647e-06 0.000504 -4.00353e-06 1 6.99798e-06 -0.000504 -7.00201e-06 1 0.107891 0.0925349 0.157351
FixedParameters: 0 0 0

#Transform 44
Transform: AffineTransform_float_3_3
Parameters: 1 4.03698e-06 0.000171999 -3.96302e-06 1 -0.000215001 -0.000172001 0.000214999 1 0.0304368 0.00751643 0.145498
FixedParameters: 0 0 0

#Transform 45
Transform: AffineTransform_float_3_3
Parameters: 1 4.03698e-06 0.000171999 -3.96302e-06 1 -0.000215001 -0.000172001 0.000214999 1 0.0463428 0.00751637 0.145484
FixedParameters: 0 0 0

#Transform 46
Transform: AffineTransform_float_3_3
Parameters: 1 -0.000474998 -7.10095e-05 0.000475001 1 1.99663e-05 7.09905e-05 -2.00337e-05 1 -0.188595 -0.0954006 -0.0443035
FixedParameters: 0 0 0

#Transform 47
Transform: AffineTransform_float_3_3
Parameters: 1 -0.00027501 -0.000235988 0.00027499 1 -4.40649e-05 0.000236012 4.39351e-05 1 -0.135971 -0.0593965 -0.0385962
FixedParameters: 0 0 0

#Transform 48
Transform: AffineTransform_float_3_3
Parameters: 1 -0.00020194 0.000175069 0.000202059 1 -0.000339965 -0.000174931 0.000340035 1 -0.0276078 -0.0705173 0.201673
FixedParameters: 0 0 0

#Transform 49
Transform: AffineTransform_float_3_3
Parameters: 1 -0.000475015 -0.000235969 0.000474985 1 -6.51121e-05 0.000236031 6.48879e-05 1 -0.208491 -0.141046 -0.0338097
FixedParameters: 0 0 0

#Transform 50
Transform: AffineTransform_float_3_3
Parameters: 1 -0.000474941 0.00015418 0.000475058 1 -0.000378927 -0.00015382 0.000379073 1 -0.137268 -0.14886 0.226766
FixedParameters: 0 0 0

#Transform 51
Transform: AffineTransform_float_3_3
Parameters: 1 -0.000475134 -0.00023573 0.000474865 0.999999 -0.000569112 0.00023627 0.000568888 1 -0.212463 -0.24418 0.181656
FixedParameters: 0 0 0

#Transform 52
Transform: AffineTransform_float_3_3
Parameters: 1 -0.00047502 -4.57891e-05 0.000474979 1 -0.000444022 4.62109e-05 0.000443978 1 -0.175879 -0.137986 0.196202
FixedParameters: 0 0 0

#Transform 53
Transform: AffineTransform_float_3_3
Parameters: 1 -0.000475079 -0.000133718 0.000474921 0.999999 -0.000594063 0.000133282 0.000593936 1 -0.192835 -0.208759 0.221895
FixedParameters: 0 0 0

#Transform 54
Transform: AffineTransform_float_3_3
Parameters: 1 -6.07426e-05 0.000360043 6.12574e-05 0.999999 -0.000714978 -0.000359956 0.000715021 0.999999 0.0709994 -0.0664187 0.460532
FixedParameters: 0 0 0

#Transform 55
Transform: AffineTransform_float_3_3
Parameters: 0.999999 -0.000632241 -0.00032453 0.000632759 0.999999 -0.000743205 0.00032447 0.000742794 0.999999 -0.293636 -0.301366 0.240126
FixedParameters: 0 0 0

#Transform 56
Transform: AffineTransform_float_3_3
Parameters: 1 -0.000181922 8.21728e-05 0.000182079 0.999999 -0.000949984 -8.2827e-05 0.000950014 0.999999 -0.0319779 -0.175331 0.475249
FixedParameters: 0 0 0

#Transform 57
Transform: AffineTransform_float_3_3
Parameters: 1 -0.00047497 8.21729e-05 0.00047503 1 -0.000363961 -8.28271e-05 0.000364039 1 -0.15121 -0.147391 0.170284
FixedParameters: 0 0 0

#Transform 58
Transform: AffineTransform_float_3_3
Parameters: 1 -0.00047499 8.20598e-05 0.00047501 1 -0.000125961 -8.19401e-05 0.000126039 1 -0.151223 -0.137519 0.073203
FixedParameters: 0 0 0

#Transform 59
Transform: AffineTransform_float_3_3
Parameters: 1 -0.000474939 8.2351e-05 0.000475061 0.999999 -0.00073896 -8.26489e-05 0.000739039 0.999999 -0.151168 -0.211087 0.322865
FixedParameters: 0 0 0

#Transform 60
Transform: AffineTransform_float_3_3
Parameters: 1 -0.000474957 8.22489e-05 0.000475043 1 -0.000523961 -8.27515e-05 0.000523039 1 -0.151178 -0.210656 0.203425
FixedParameters: 0 0 0

#Transform 61
Transform: AffineTransform_float_3_3
Parameters: 1 -0.000474884 8.26711e-05 0.000475117 0.999999 -0.00141296 -8.23287e-05 0.00141304 0.999999 -0.151084 -0.346216 0.564017
FixedParameters: 0 0 0

#Transform 62
Transform: AffineTransform_float_3_3
Parameters: 0.999998 0.001207 -0.00118501 -0.00120799 0.999999 -0.00083957 0.00118399 0.00084043 0.999999 0.248676 0.255053 -0.0311421
FixedParameters: 0 0 0

#Transform 63
Transform: AffineTransform_float_3_3
Parameters: 0.999998 0.00180525 -0.000590291 -0.00180575 0.999997 -0.00126794 0.00058771 0.00126906 0.999999 0.589489 0.394998 0.340882
FixedParameters: 0 0 0

#Transform 64
Transform: AffineTransform_float_3_3
Parameters: 0.999999 0.00053581 -0.000516196 -0.000536189 1 -0.000366723 0.000515803 0.000367276 1 0.107663 0.111243 0.00820244
FixedParameters: 0 0 0

#Transform 65
Transform: AffineTransform_float_3_3
Parameters: 1 0.000480817 -0.000287306 -0.000481182 0.999999 -0.000636861 0.000286693 0.000637138 1 0.129438 0.0834221 0.240447
FixedParameters: 0 0 0

#Transform 66
Transform: AffineTransform_float_3_3
Parameters: 0.999999 0.000413778 -0.000832109 -0.000414221 1 -0.000265655 0.000831889 0.000266344 0.999999 -0.00282445 0.0366654 -0.114732
FixedParameters: 0 0 0

#Transform 67
Transform: AffineTransform_float_3_3
Parameters: 1 0.000379453 -0.000584356 -0.000379548 0.999999 -0.000936778 0.000584645 0.000936222 1 0.0252798 0.0245399 0.260591
FixedParameters: 0 0 0

#Transform 68
Transform: AffineTransform_float_3_3
Parameters: 1 0.000441007 1.17208e-05 -0.000440992 0.999999 -0.000633005 -1.22791e-05 0.000632994 1 0.170813 0.0302143 0.284624
FixedParameters: 0 0 0

#Transform 69
Transform: AffineTransform_float_3_3
Parameters: 1 0.00028895 -0.000393037 -0.00028905 1 -0.000127886 0.000392963 0.000127114 1 0.0308124 0.0835057 -0.0591393
FixedParameters: 0 0 0

#Transform 70
Transform: AffineTransform_float_3_3
Parameters: 1 0.000269899 -0.000331083 -0.000270101 1 -0.000305911 0.000330918 0.000305089 1 0.0350487 0.0778069 0.0415415
FixedParameters: 0 0 0

#Transform 71
Transform: AffineTransform_float_3_3
Parameters: 1 0.000315907 -0.000287102 -0.000316093 1 -0.000322909 0.000286898 0.000323091 1 0.0622081 0.0699928 0.0501126
FixedParameters: 0 0 0

#Transform 72
Transform: AffineTransform_float_3_3
Parameters: 1 0.000316002 1.19561e-05 -0.000315998 1 -0.000139004 -1.20439e-05 0.000138996 1 0.11988 0.0761091 0.050497
FixedParameters: 0 0 0

#Transform 73
Transform: AffineTransform_float_3_3
Parameters: 1 0.000293838 -0.000403118 -0.000294161 1 -0.000400881 0.000402882 0.000401118 1 0.0405254 0.0941239 0.0511937
FixedParameters: 0 0 0

#Transform 74
Transform: AffineTransform_float_3_3
Parameters: 1 0.000291632 -0.00056419 -0.000292367 0.999999 -0.000651835 0.000563809 0.000652164 0.999999 -0.00102563 -0.0044239 0.0831832
FixedParameters: 0 0 0

#Transform 75
Transform: AffineTransform_float_3_3
Parameters: 1 0.000291865 -0.000364108 -0.000292135 1 -0.000369894 0.000363892 0.000370106 1 0.0436531 0.0600004 0.0487165
FixedParameters: 0 0 0

#Transform 76
Transform: AffineTransform_float_3_3
Parameters: 1 0.000291937 -0.000213087 -0.000292063 1 -0.000296938 0.000212913 0.000297062 1 0.0667303 0.0640549 0.0472811
FixedParameters: 0 0 0

#Transform 77
Transform: AffineTransform_float_3_3
Parameters: 1 0.000292001 1.19863e-05 -0.000291999 1 -4.70035e-05 -1.20137e-05 4.69965e-05 1 0.110172 0.112277 -0.00177914
FixedParameters: 0 0 0

#Transform 78
Transform: AffineTransform_float_3_3
Parameters: 1 0.000291636 -0.000401264 -0.000292364 0.999999 -0.000906882 0.000401735 0.000907116 0.999999 0.0470553 -0.00558896 0.246684
FixedParameters: 0 0 0

#Transform 79
Transform: AffineTransform_float_3_3
Parameters: 1 7.56847e-05 -0.00039806 -7.63152e-05 0.999999 -0.000791969 0.000397939 0.00079203 0.999999 -0.0458129 -0.0676359 0.1821
FixedParameters: 0 0 0

#Transform 80
Transform: AffineTransform_float_3_3
Parameters: 1 0.000408684 -0.000398324 -0.000409315 0.999999 -0.000791836 0.000397676 0.000792162 0.999999 0.0785804 0.0458492 0.209301
FixedParameters: 0 0 0

#Transform 81
Transform: AffineTransform_float_3_3
Parameters: 0.999999 -0.000166693 -0.000726841 0.000166307 0.999999 -0.000953121 0.000727159 0.000952879 1 -0.193262 -0.167234 0.173968
FixedParameters: 0 0 0

#Transform 82
Transform: AffineTransform_float_3_3
Parameters: 1 0.000387791 -0.000398203 -0.000388208 1 -0.000523845 0.000397796 0.000524154 1 0.0647713 0.0481983 0.0909561
FixedParameters: 0 0 0

#Transform 83
Transform: AffineTransform_float_3_3
Parameters: 1 6.26963e-05 -0.000398048 -6.23036e-05 0.999999 -0.000762975 0.000397952 0.000763025 0.999999 -0.054666 -0.0616513 0.209107
FixedParameters: 0 0 0

#Transform 84
Transform: AffineTransform_float_3_3
Parameters: 1 5.62536e-05 -0.000571074 -5.67462e-05 0.999999 -0.00130697 0.000570926 0.00130703 0.999999 -0.0924036 -0.190065 0.351837
FixedParameters: 0 0 0

#Transform 85
Transform: AffineTransform_float_3_3
Parameters: 0.999999 5.83962e-05 -0.000805044 -5.86037e-05 0.999999 -0.000749953 0.000804956 0.000750047 1 -0.116709 -0.0820497 0.0741261
FixedParameters: 0 0 0

#Transform 86
Transform: AffineTransform_float_3_3
Parameters: 0.999999 -0.000166952 -0.000804803 0.000166049 1 -0.00118313 0.000804197 0.00118287 0.999999 -0.223785 -0.210453 0.254775
FixedParameters: 0 0 0

#Transform 87
Transform: AffineTransform_float_3_3
Parameters: 1 0.000319 -3.01455e-07 -0.000319 0.999999 -0.000944999 -3.01455e-07 0.000944999 0.999999 0.11412 -0.043907 0.370985
FixedParameters: 0 0 0

#Transform 88
Transform: AffineTransform_float_3_3
Parameters: 0.999999 0.000935062 4.88218e-05 -0.000934937 0.999999 -0.00126005 -5.0178e-05 0.00125995 0.999999 0.375894 0.0746728 0.55829
FixedParameters: 0 0 0

#Transform 89
Transform: AffineTransform_float_3_3
Parameters: 1 0.000471394 -0.000372767 -0.000471606 0.999998 -0.00162682 0.000372233 0.00162617 0.999998 0.102351 -0.149415 0.56068
FixedParameters: 0 0 0

#Transform 90
Transform: AffineTransform_float_3_3
Parameters: 1 0.00015659 -0.000390165 -0.00015641 1 -0.00105094 0.000389836 0.00105106 1 -0.0278271 -0.111504 0.345746
FixedParameters: 0 0 0

#Transform 91
Transform: AffineTransform_float_3_3
Parameters: 0.999999 -0.000255218 -0.000685548 0.000253782 0.999999 -0.00177518 0.000686452 0.00177583 0.999998 -0.232087 -0.361054 0.530079
FixedParameters: 0 0 0

#Transform 92
Transform: AffineTransform_float_3_3
Parameters: 1 -0.00016612 -7.87479e-05 0.000165881 0.999999 -0.00151801 7.82519e-05 0.00151799 0.999999 -0.0557137 -0.324258 0.60239
FixedParameters: 0 0 0

#Transform 93
Transform: AffineTransform_float_3_3
Parameters: 1 -0.000165879 5.73503e-05 0.00016612 0.999998 -0.00211099 -5.66494e-05 0.00211101 0.999998 -0.024849 -0.378985 0.8831
FixedParameters: 0 0 0

#Transform 94
Transform: AffineTransform_float_3_3
Parameters: 1 1.67867e-06 -0.000436001 -2.32133e-06 0.999999 -0.000736999 0.000435998 0.000737 0.999999 -0.0699711 -0.129184 0.207004
FixedParameters: 0 0 0

#Transform 95
Transform: AffineTransform_float_3_3
Parameters: 1 0.000133551 -0.000436138 -0.000134449 1 -0.00102994 0.000435862 0.00103006 1 -0.0306609 -0.0740173 0.350761
FixedParameters: 0 0 0

#Transform 96
Transform: AffineTransform_float_3_3
Parameters: 1 0.000293941 -7.02469e-05 -0.000294059 0.999999 -0.000839979 6.9753e-05 0.00084002 0.999999 0.106751 -0.0415178 0.368846
FixedParameters: 0 0 0

#Transform 97
Transform: AffineTransform_float_3_3
Parameters: 1 9.78335e-05 -0.000217075 -9.71664e-05 0.999999 -0.000766978 0.000216925 0.000767021 0.999999 -0.000243501 -0.0582816 0.290704
FixedParameters: 0 0 0

#Transform 98
Transform: AffineTransform_float_3_3
Parameters: 1 0.000163692 -0.000414122 -0.000164308 0.999999 -0.000742932 0.000414878 0.000743068 0.999999 -0.0226466 -0.0341157 0.200793
FixedParameters: 0 0 0

#Transform 99
Transform: AffineTransform_float_3_3
Parameters: 1 0.000526047 9.77459e-05 -0.000525952 0.999999 -0.000483051 -9.8254e-05 0.000482948 1 0.209611 0.0909382 0.218514
FixedParameters: 0 0 0

#Transform 100
Transform: AffineTransform_float_3_3
Parameters: 1 0.000365936 -0.000141166 -0.000366064 1 -0.000454948 0.000140834 0.000454051 1 0.105179 0.0812162 0.134448
FixedParameters: 0 0 0

#Transform 101
Transform: AffineTransform_float_3_3
Parameters: 1 0.000526851 -0.000162485 -0.000527149 1 -0.000920914 0.000161514 0.000921085 0.999999 0.157059 0.068988 0.341755
FixedParameters: 0 0 0

#Transform 102
Transform: AffineTransform_float_3_3
Parameters: 1 0.000527084 9.75467e-05 -0.000526915 0.999999 -0.000860051 -9.84531e-05 0.000859947 0.999999 0.207285 0.0529101 0.369335
FixedParameters: 0 0 0

#Transform 103
Transform: AffineTransform_float_3_3
Parameters: 1 0.000526804 -0.000310333 -0.000527196 0.999999 -0.000631836 0.000309667 0.000632163 1 0.128514 0.0970789 0.172775
FixedParameters: 0 0 0

#Transform 104
Transform: AffineTransform_float_3_3
Parameters: 1 0.000652818 -0.000217548 -0.000653182 1 -0.000839858 0.000216452 0.000839142 0.999999 0.183178 0.122933 0.269036
FixedParameters: 0 0 0

#Transform 105
Transform: AffineTransform_float_3_3
Parameters: 0.999999 0.000765799 -0.000230668 -0.000766201 1 -0.000872823 0.000230331 0.000873177 0.999999 0.211882 0.112706 0.269917
FixedParameters: 0 0 0

#Transform 106
Transform: AffineTransform_float_3_3
Parameters: 0.999999 0.000688668 -0.000396578 -0.000689333 1 -0.000839727 0.000396421 0.000839273 0.999999 0.148079 0.12106 0.213081
FixedParameters: 0 0 0

#Transform 107
Transform: AffineTransform_float_3_3
Parameters: 0.999999 0.000682715 -0.000396489 -0.000683284 0.999999 -0.000716729 0.00039651 0.00071727 0.999999 0.147715 0.126104 0.166953
FixedParameters: 0 0 0

#Transform 108
Transform: AffineTransform_float_3_3
Parameters: 0.999999 0.000743728 -0.000551367 -0.000744271 0.999999 -0.00049359 0.000550633 0.000493409 0.999999 0.145283 0.186945 0.0440421
FixedParameters: 0 0 0

#Transform 109
Transform: AffineTransform_float_3_3
Parameters: 0.999999 0.000716813 -0.000396337 -0.000717185 0.999999 -0.000469716 0.000395663 0.000470284 1 0.152628 0.207622 0.0896972
FixedParameters: 0 0 0

#Transform 110
Transform: AffineTransform_float_3_3
Parameters: 0.999999 0.000759763 -0.000396453 -0.000759236 0.999999 -0.000596699 0.000396546 0.000597301 0.999999 0.160202 0.171511 0.0991236
FixedParameters: 0 0 0

#Transform 111
Transform: AffineTransform_float_3_3
Parameters: 0.999999 0.000922801 -0.000396463 -0.000922199 1 -0.000501635 0.000396537 0.000502366 1 0.2267 0.268351 0.0823289
FixedParameters: 0 0 0

#Transform 112
Transform: AffineTransform_float_3_3
Parameters: 0.999999 0.000681966 -0.000454049 -0.000682033 1 -7.26903e-05 0.00045395 7.33096e-05 1 0.113322 0.28088 -0.114541
FixedParameters: 0 0 0

#Transform 113
Transform: AffineTransform_float_3_3
Parameters: 0.999999 0.000922977 -0.000313067 -0.000923023 1 -7.27111e-05 0.000312932 7.32889e-05 1 0.23355 0.319653 -0.0666904
FixedParameters: 0 0 0

#Transform 114
Transform: AffineTransform_float_3_3
Parameters: 1 0.000554808 -0.000396268 -0.000555191 0.999999 -0.00048278 0.000395732 0.000483219 1 0.0824705 0.150939 0.0964924
FixedParameters: 0 0 0

#Transform 115
Transform: AffineTransform_float_3_3
Parameters: 0.999999 0.000696961 -0.00052205 -0.000697038 1 -7.26361e-05 0.000521949 7.33638e-05 1 0.115314 0.243113 -0.128198
FixedParameters: 0 0 0

#Transform 116
Transform: AffineTransform_float_3_3
Parameters: 0.999999 0.000922839 -0.000396372 -0.000923159 0.999999 -0.000403634 0.000395627 0.000404365 1 0.22587 0.273335 0.0447013
FixedParameters: 0 0 0

#Transform 117
Transform: AffineTransform_float_3_3
Parameters: 1 0.000510533 -0.000396602 -0.000511468 0.999999 -0.0011788 0.000396397 0.0011792 0.999999 0.0602087 0.00387656 0.367322
FixedParameters: 0 0 0

#Transform 118
Transform: AffineTransform_float_3_3
Parameters: 1 0.00032874 -0.000396216 -0.00032926 0.999999 -0.000656869 0.000395784 0.00065713 0.999999 0.0107343 0.00724541 0.146315
FixedParameters: 0 0 0

#Transform 119
Transform: AffineTransform_float_3_3
Parameters: 1 0.000402604 -0.000574278 -0.000402396 0.999999 -0.000689769 0.000573722 0.000690231 0.999999 0.00866152 0.0925989 0.132411
FixedParameters: 0 0 0

#Transform 120
Transform: AffineTransform_float_3_3
Parameters: 1 0.000328835 -0.000396137 -0.000329165 1 -0.00041687 0.000395863 0.00041713 1 0.0102615 0.0485599 0.0614813
FixedParameters: 0 0 0

#Transform 121
Transform: AffineTransform_float_3_3
Parameters: 0.999999 0.000411017 -0.000862469 -0.000411982 1 -0.00113965 0.00086153 0.00114035 0.999999 -0.039587 -0.0232374 0.266128
FixedParameters: 0 0 0

#Transform 122
Transform: AffineTransform_float_3_3
Parameters: 0.999999 -9.77857e-05 -0.000805905 9.7214e-05 0.999999 -0.000975078 0.000806095 0.000974921 0.999999 -0.207083 -0.205755 0.195158
FixedParameters: 0 0 0

#Transform 123
Transform: AffineTransform_float_3_3
Parameters: 1 0.000484609 -0.000328578 -0.000484391 0.999999 -0.00119184 0.000327423 0.00119216 0.999999 0.121931 0.00867293 0.452627
FixedParameters: 0 0 0

#Transform 124
Transform: AffineTransform_float_3_3
Parameters: 1 1.76298e-05 -0.000364018 -1.83702e-05 1 -0.00101699 0.000363982 0.00101701 1 -0.078825 -0.149436 0.358202
FixedParameters: 0 0 0

#Transform 125
Transform: AffineTransform_float_3_3
Parameters: 1 1.77528e-05 -0.000364012 -1.82471e-05 1 -0.000678993 0.000363988 0.000679006 0.999999 -0.0749778 -0.0525561 0.230662
FixedParameters: 0 0 0

#Transform 126
Transform: AffineTransform_float_3_3
Parameters: 1 -5.95709e-05 -0.000613945 5.94289e-05 0.999999 -0.000930037 0.000614056 0.000929964 1 -0.144371 -0.114548 0.24991
FixedParameters: 0 0 0

#Transform 127
Transform: AffineTransform_float_3_3
Parameters: 1 1.78872e-05 -0.000364005 -1.81128e-05 1 -0.000309993 0.000363994 0.000310006 1 -0.0719407 -0.00848408 0.0128407
FixedParameters: 0 0 0

#Transform 128
Transform: AffineTransform_float_3_3
Parameters: 1 0.000276947 -0.000176084 -0.000277053 1 -0.000301951 0.000175916 0.000302049 1 0.050044 0.113336 0.0693479
FixedParameters: 0 0 0

#Transform 129
Transform: AffineTransform_float_3_3
Parameters: 1 1.80408e-05 0.000152995 -1.79591e-05 1 -0.000267003 -0.000153005 0.000266997 1 0.00961583 0.00991705 0.120817
FixedParameters: 0 0 0

#Transform 130
Transform: AffineTransform_float_3_3
Parameters: 1 0.000238015 2.98769e-05 -0.000237985 1 -0.000517007 -2.9123e-05 0.000516993 1 0.0741421 0.0458492 0.200158
FixedParameters: 0 0 0

#Transform 131
Transform: AffineTransform_float_3_3
Parameters: 1 -0.000208415 -0.000401785 0.000207585 1 -0.00103208 0.000402215 0.00103192 1 -0.18597 -0.180745 0.244778
FixedParameters: 0 0 0

#Transform 132
Transform: AffineTransform_float_3_3
Parameters: 1 -0.000216603 -0.000401675 0.000216397 0.999999 -0.00150009 0.000402325 0.00149991 0.999999 -0.167498 -0.314581 0.485334
FixedParameters: 0 0 0

#Transform 133
Transform: AffineTransform_float_3_3
Parameters: 1 -0.000421719 0.000131902 0.000422281 0.999997 -0.00213894 -0.000131097 0.00213905 0.999997 -0.130687 -0.46541 0.896088
FixedParameters: 0 0 0

#Transform 134
Transform: AffineTransform_float_3_3
Parameters: 1 -0.000422555 -0.000534562 0.000422445 1 -0.00103723 0.000535438 0.00103677 1 -0.25945 -0.29885 0.283276
FixedParameters: 0 0 0

#Transform 135
Transform: AffineTransform_float_3_3
Parameters: 0.999999 -0.00042343 -0.000784229 0.000421568 0.999998 -0.00182333 0.000785769 0.00182267 0.999998 -0.317949 -0.427118 0.578492
FixedParameters: 0 0 0

#Transform 136
Transform: AffineTransform_float_3_3
Parameters: 1 -0.000146892 5.62833e-05 0.000147108 0.999998 -0.00192799 -5.57165e-05 0.00192801 0.999998 -0.033445 -0.413227 0.831618
FixedParameters: 0 0 0

#Transform 137
Transform: AffineTransform_float_3_3
Parameters: 1 0.00017793 -5.02474e-05 -0.000178071 0.999999 -0.00138999 5.07525e-05 0.00139001 0.999999 0.0535836 -0.14617 0.589812
FixedParameters: 0 0 0

#Transform 138
Transform: AffineTransform_float_3_3
Parameters: 1 -0.00044137 -0.000252354 0.000441631 0.999999 -0.00146311 0.000252646 0.00146289 0.999999 -0.217863 -0.372342 0.501799
FixedParameters: 0 0 0

#Transform 139
Transform: AffineTransform_float_3_3
Parameters: 1 -0.000559369 -0.000252182 0.000558631 0.999999 -0.00146214 0.000252817 0.00146186 0.999999 -0.260725 -0.382608 0.494463
FixedParameters: 0 0 0

#Transform 140
Transform: AffineTransform_float_3_3
Parameters: 1 -0.000559805 -0.000251213 0.000559195 0.999994 -0.00319514 0.000252788 0.00319586 0.999995 -0.260704 -0.7184 1.16696
FixedParameters: 0 0 0

#Transform 141
Transform: AffineTransform_float_3_3
Parameters: 1 -0.000559476 -0.000251946 0.000558524 0.999998 -0.00188514 0.000253053 0.00188486 0.999998 -0.260713 -0.486351 0.688511
FixedParameters: 0 0 0

#Transform 142
Transform: AffineTransform_float_3_3
Parameters: 1 -0.000559626 -0.000251612 0.000558375 0.999997 -0.00248214 0.000252387 0.00248286 0.999997 -0.243014 -0.61455 0.906579
FixedParameters: 0 0 0

#Transform 143
Transform: AffineTransform_float_3_3
Parameters: 1 -0.000559509 -0.000251872 0.00055849 0.999998 -0.00201714 0.000253127 0.00201786 0.999998 -0.24301 -0.52454 0.742238
FixedParameters: 0 0 0

#Transform 144
Transform: AffineTransform_float_3_3
Parameters: 1 -0.000295208 -0.000252756 0.000294792 0.999999 -0.000825074 0.000252243 0.000824925 0.999999 -0.162517 -0.166662 0.306659
FixedParameters: 0 0 0

#Transform 145
Transform: AffineTransform_float_3_3
Parameters: 1 0.000305804 0.000471479 -0.000304195 0.999998 -0.00170514 -0.000472519 0.00170486 0.999999 0.209406 -0.202302 0.811493
FixedParameters: 0 0 0

#Transform 146
Transform: AffineTransform_float_3_3
Parameters: 1 6.74473e-05 0.000275891 -6.75525e-05 0.999998 -0.00162102 -0.00027611 0.00162098 0.999998 0.0777055 -0.216011 0.727356
FixedParameters: 0 0 0

#Transform 147
Transform: AffineTransform_float_3_3
Parameters: 1 0.000158816 0.000363645 -0.000158183 0.999998 -0.00224406 -0.000364356 0.00224394 0.999998 0.131199 -0.303592 0.985901
FixedParameters: 0 0 0

#Transform 148
Transform: AffineTransform_float_3_3
Parameters: 1 -0.000216216 0.000307553 0.000216783 0.999996 -0.00255193 -0.000306448 0.00255206 0.999996 -0.0233186 -0.513628 1.04594
FixedParameters: 0 0 0

#Transform 149
Transform: AffineTransform_float_3_3
Parameters: 1 -0.000557624 0.000309493 0.000558374 0.99999 -0.00446483 -0.00030651 0.00446417 0.99999 -0.160713 -0.938646 1.79183
FixedParameters: 0 0 0

#Transform 150
Transform: AffineTransform_float_3_3
Parameters: 1 0.000144636 0.000169459 -0.000143366 0.999993 -0.00374702 -0.000169538 0.00374698 0.999993 0.10693 -0.648838 1.49915
FixedParameters: 0 0 0

#Transform 151
Transform: AffineTransform_float_3_3
Parameters: 1 -0.000106271 0.000307603 0.000107725 0.999984 -0.00562497 -0.000306399 0.00562503 0.999984 0.0308224 -1.07134 2.25762
FixedParameters: 0 0 0

#Transform 152
Transform: AffineTransform_float_3_3
Parameters: 1 -3.9775e-05 0.000307161 4.12243e-05 0.999992 -0.00398899 -0.000306838 0.00398901 0.999992 0.0763931 -0.749799 1.64881
FixedParameters: 0 0 0

#Transform 153
Transform: AffineTransform_float_3_3
Parameters: 1 -0.000495269 -9.76458e-05 0.00049473 0.999996 -0.00273505 9.93535e-05 0.00273495 0.999997 -0.195832 -0.605434 1.0485
FixedParameters: 0 0 0

#Transform 154
Transform: AffineTransform_float_3_3
Parameters: 1 -0.000494117 0.000308419 0.000494881 0.999996 -0.00286885 -0.000306581 0.00286915 0.999996 -0.108318 -0.650572 1.20792
FixedParameters: 0 0 0

#Transform 155
Transform: AffineTransform_float_3_3
Parameters: 1 -0.000309454 0.000452062 0.000311546 0.999994 -0.00342486 -0.000450936 0.00342414 0.999994 -0.00548381 -0.685984 1.54384
FixedParameters: 0 0 0

#Transform 156
Transform: AffineTransform_float_3_3
Parameters: 1 8.96363e-06 0.000306973 -8.03628e-06 0.999995 -0.003139 -0.000307027 0.003139 0.999995 0.0787547 -0.554332 1.40404
FixedParameters: 0 0 0

#Transform 157
Transform: AffineTransform_float_3_3
Parameters: 1 3.90356e-05 0.00030687 -3.7964e-05 0.999995 -0.00337401 -0.00030713 0.00337399 0.999995 0.0726066 -0.612011 1.45066
FixedParameters: 0 0 0

#Transform 158
Transform: AffineTransform_float_3_3
Parameters: 1 -0.000185602 0.000487534 0.000186396 0.999996 -0.00286891 -0.000486467 0.00286909 0.999996 0.00164014 -0.579475 1.28619
FixedParameters: 0 0 0

#Transform 159
Transform: AffineTransform_float_3_3
Parameters: 1 0.000116804 0.000290678 -0.000116196 0.999996 -0.00276303 -0.000291322 0.00276297 0.999996 0.0772962 -0.435995 1.19574
FixedParameters: 0 0 0

#Transform 160
Transform: AffineTransform_float_3_3
Parameters: 1 -0.000177375 0.000518559 0.000178623 0.999995 -0.00313491 -0.000517442 0.00313509 0.999995 0.0109487 -0.594109 1.40436
FixedParameters: 0 0 0

#Transform 161
Transform: AffineTransform_float_3_3
Parameters: 1 -0.000207134 -4.33653e-05 0.000206867 0.999996 -0.00306501 4.36343e-05 0.00306499 0.999996 -0.109646 -0.638767 1.19337
FixedParameters: 0 0 0

#Transform 162
Transform: AffineTransform_float_3_3
Parameters: 1 2.96952e-05 0.000517905 -2.83044e-05 0.999994 -0.00327301 -0.000518095 0.00327298 0.999994 0.0950757 -0.55966 1.4555
FixedParameters: 0 0 0

#Transform 163
Transform: AffineTransform_float_3_3
Parameters: 1 0.00012955 0.000517615 -0.000127449 0.999995 -0.00299307 -0.000518384 0.00299293 0.999996 0.135627 -0.506096 1.3144
FixedParameters: 0 0 0

#Transform 164
Transform: AffineTransform_float_3_3
Parameters: 1 0.000128008 2.63493e-06 -0.000127994 0.999996 -0.002852 -2.36505e-06 0.002852 0.999996 0.0183894 -0.476202 1.10666
FixedParameters: 0 0 0

#Transform 165
Transform: AffineTransform_float_3_3
Parameters: 1 0.000344411 0.000118815 -0.000343588 0.999994 -0.00344204 -0.000120183 0.00344196 0.999994 0.129313 -0.487215 1.38098
FixedParameters: 0 0 0

#Transform 166
Transform: AffineTransform_float_3_3
Parameters: 1 0.000207287 8.2281e-05 -0.000206714 0.999994 -0.00347102 -8.2718e-05 0.00347098 0.999994 0.0663101 -0.566214 1.35758
FixedParameters: 0 0 0

#Transform 167
Transform: AffineTransform_float_3_3
Parameters: 1 0.000207723 0.000203263 -0.000206278 0.999993 -0.00355204 -0.000203734 0.00355196 0.999993 0.100923 -0.569412 1.46409
FixedParameters: 0 0 0

#Transform 168
Transform: AffineTransform_float_3_3
Parameters: 1 0.000208543 0.000378153 -0.000206453 0.999991 -0.00407608 -0.000379844 0.00407592 0.999991 0.130149 -0.666946 1.70595
FixedParameters: 0 0 0

#Transform 169
Transform: AffineTransform_float_3_3
Parameters: 1 -0.000295021 -4.86332e-06 0.000294979 0.999993 -0.003853 6.1366e-06 0.003853 0.999992 -0.145592 -0.789727 1.47571
FixedParameters: 0 0 0

#Transform 170
Transform: AffineTransform_float_3_3
Parameters: 1 -0.000353712 6.75233e-05 0.000353289 0.99999 -0.00430497 -6.64797e-05 0.00430502 0.99999 -0.126459 -0.895055 1.71509
FixedParameters: 0 0 0

#Transform 171
Transform: AffineTransform_float_3_3
Parameters: 0.999999 -0.000602126 0.000398843 0.000603874 0.999988 -0.00471376 -0.000396157 0.00471424 0.999989 -0.14341 -1.06683 1.95282
FixedParameters: 0 0 0

#Transform 172
Transform: AffineTransform_float_3_3
Parameters: 1 -0.000352012 0.000397768 0.000353989 0.999988 -0.00500886 -0.000396232 0.00500814 0.999988 -0.0418439 -1.01099 2.1023
FixedParameters: 0 0 0

#Transform 173
Transform: AffineTransform_float_3_3
Parameters: 1 -0.000352164 0.000397634 0.000353838 0.999989 -0.00462686 -0.000396367 0.00462714 0.999989 -0.0298151 -0.996311 1.92281
FixedParameters: 0 0 0

#Transform 174
Transform: AffineTransform_float_3_3
Parameters: 0.999999 -0.000748287 -5.94844e-05 0.000747714 0.999988 -0.00469904 6.25142e-05 0.00469895 0.999989 -0.293982 -1.04395 1.83074
FixedParameters: 0 0 0

#Transform 175
Transform: AffineTransform_float_3_3
Parameters: 1 -0.000584785 4.77098e-05 0.000585216 0.999989 -0.00463297 -4.52892e-05 0.00463303 0.99999 -0.212186 -1.04746 1.82368
FixedParameters: 0 0 0

#Transform 176
Transform: AffineTransform_float_3_3
Parameters: 0.999999 -0.000758693 0.000400402 0.00076131 0.999983 -0.0057927 -0.000396596 0.0057933 0.999983 -0.207086 -1.27567 2.40311
FixedParameters: 0 0 0

#Transform 177
Transform: AffineTransform_float_3_3
Parameters: 0.999999 -0.000759642 0.000217791 0.000761358 0.99998 -0.00630184 -0.000213206 0.00630216 0.99998 -0.25689 -1.40464 2.53566
FixedParameters: 0 0 0

#Transform 178
Transform: AffineTransform_float_3_3
Parameters: 0.999999 -0.000263877 0.000836312 0.000268126 0.999988 -0.00493378 -0.000835688 0.00493322 0.999988 0.0624835 -0.967181 2.24136
FixedParameters: 0 0 0

#Transform 179
Transform: AffineTransform_float_3_3
Parameters: 1 -0.000282789 0.000258332 0.000284214 0.999989 -0.00469893 -0.000257667 0.00469907 0.999989 -0.0535831 -0.925978 1.96317
FixedParameters: 0 0 0

#Transform 180
Transform: AffineTransform_float_3_3
Parameters: 1 -0.000111585 0.000332478 0.000112413 0.999991 -0.00425996 -0.000331524 0.00426004 0.999991 0.0133085 -0.843528 1.81371
FixedParameters: 0 0 0

#Transform 181
Transform: AffineTransform_float_3_3
Parameters: 1 -0.000249901 2.4055e-05 0.000250099 0.999991 -0.00422099 -2.29445e-05 0.00422101 0.999991 -0.119281 -0.804978 1.7283
FixedParameters: 0 0 0

#Transform 182
Transform: AffineTransform_float_3_3
Parameters: 1 0.000344152 0.000940491 -0.00033985 0.99999 -0.00441132 -0.000941508 0.00441068 0.99999 0.304943 -0.696222 2.01008
FixedParameters: 0 0 0

#Transform 183
Transform: AffineTransform_float_3_3
Parameters: 1 -0.000288392 0.000402158 0.000289607 0.999992 -0.00400388 -0.000400844 0.00400312 0.999992 -0.0562267 -0.803183 1.65246
FixedParameters: 0 0 0

#Transform 184
Transform: AffineTransform_float_3_3
Parameters: 1 -0.000444734 0.000460201 0.000447265 0.999987 -0.00493579 -0.000457798 0.0049362 0.999987 -0.0982527 -1.00396 2.04729
FixedParameters: 0 0 0

#Transform 185
Transform: AffineTransform_float_3_3
Parameters: 1 -0.000288045 0.000436297 0.000289953 0.99999 -0.00448687 -0.000434703 0.00448712 0.99999 -0.0170663 -0.907041 1.81439
FixedParameters: 0 0 0

#Transform 186
Transform: AffineTransform_float_3_3
Parameters: 0.999999 0.000204083 0.000834011 -0.000199917 0.999988 -0.00489317 -0.000834988 0.00489283 0.999987 0.242783 -0.82094 2.12727
FixedParameters: 0 0 0

#Transform 187
Transform: AffineTransform_float_3_3
Parameters: 0.999999 -0.000776679 0.000352164 0.000779319 0.999977 -0.00663873 -0.000346833 0.00663927 0.999978 -0.21225 -1.46941 2.59551
FixedParameters: 0 0 0

#Transform 188
Transform: AffineTransform_float_3_3
Parameters: 0.999999 -0.000777533 0.000195915 0.000778459 0.999971 -0.00759985 -0.000189089 0.00760015 0.999971 -0.242723 -1.6516 2.93466
FixedParameters: 0 0 0

#Transform 189
Transform: AffineTransform_float_3_3
Parameters: 0.999999 -0.000776672 0.000320697 0.00077933 0.999973 -0.00732375 -0.0003153 0.00732425 0.999973 -0.228772 -1.60846 2.91638
FixedParameters: 0 0 0

#Transform 190
Transform: AffineTransform_float_3_3
Parameters: 0.999999 -0.000562645 0.000464865 0.000565356 0.999987 -0.00508174 -0.000462133 0.00508226 0.999987 -0.10612 -1.10379 2.1319
FixedParameters: 0 0 0

#Transform 191
Transform: AffineTransform_float_3_3
Parameters: 0.999999 -0.000775348 0.00058983 0.000778652 0.999981 -0.00621554 -0.00058517 0.00621646 0.99998 -0.165841 -1.36251 2.60811
FixedParameters: 0 0 0

#Transform 192
Transform: AffineTransform_float_3_3
Parameters: 0.999999 -0.000776099 0.000529277 0.000778897 0.999984 -0.00550059 -0.000524723 0.00550141 0.999984 -0.177782 -1.26016 2.34334
FixedParameters: 0 0 0

#Transform 193
Transform: AffineTransform_float_3_3
Parameters: 1 -0.000913279 0.000570996 0.000917722 0.999978 -0.00655148 -0.000564999 0.00655252 0.999979 -0.245022 -1.43531 2.72857
FixedParameters: 0 0 0

#Transform 194
Transform: AffineTransform_float_3_3
Parameters: 0.999999 -0.000776265 0.000487382 0.000778731 0.999984 -0.00563462 -0.000482619 0.00563538 0.999984 -0.185973 -1.25951 2.33852
FixedParameters: 0 0 0

#Transform 195
Transform: AffineTransform_float_3_3
