#Insight Transform File V1.0
#Transform 0
Transform: AffineTransform_float_3_3
Parameters: 0.999993 0.00357397 -0.00114477 -0.00357103 0.999991 0.00258511 0.00115423 -0.00258089 0.999996 1.44494 1.36629 -1.42581
FixedParameters: 0 0 0

#Transform 1
Transform: AffineTransform_float_3_3
Parameters: 0.999993 0.00355277 -0.00130247 -0.00355023 0.999992 0.00212364 0.00130953 -0.00211836 0.999997 1.4313 1.40335 -1.29156
FixedParameters: 0 0 0

#Transform 2
Transform: AffineTransform_float_3_3
Parameters: 0.999997 0.00235435 -0.000170277 -0.00235466 0.999995 0.00200641 0.000174723 -0.00200559 0.999998 1.02294 0.903122 -0.922901
FixedParameters: 0 0 0

#Transform 3
Transform: AffineTransform_float_3_3
Parameters: 0.999998 0.00194307 -4.18813e-05 -0.00194293 0.999997 0.00160508 4.51184e-05 -0.00160491 0.999998 0.851204 0.93951 -0.704733
FixedParameters: 0 0 0

#Transform 4
Transform: AffineTransform_float_3_3
Parameters: 0.999998 0.00195183 7.64112e-05 -0.00195217 0.999995 0.00225986 -7.15882e-05 -0.00226014 0.999998 0.865753 0.825159 -0.967726
FixedParameters: 0 0 0

#Transform 5
Transform: AffineTransform_float_3_3
Parameters: 0.999998 0.00193023 -0.000153105 -0.00192977 0.999997 0.0015003 0.000155895 -0.0014997 0.999999 0.835297 0.93507 -0.701644
FixedParameters: 0 0 0

#Transform 6
Transform: AffineTransform_float_3_3
Parameters: 0.999997 0.00235525 -0.000527435 -0.00235475 0.999995 0.00236425 0.000532567 -0.00236275 0.999997 0.994456 0.938486 -1.21296
FixedParameters: 0 0 0

#Transform 7
Transform: AffineTransform_float_3_3
Parameters: 0.999998 0.00199603 -4.13193e-05 -0.00199596 0.999997 0.000842084 4.26805e-05 -0.000841916 0.999999 0.875323 0.809986 -0.411007
FixedParameters: 0 0 0

#Transform 8
Transform: AffineTransform_float_3_3
Parameters: 0.999997 0.00235419 -0.000152132 -0.00235381 0.999996 0.00121836 0.000154867 -0.00121764 0.999999 1.02832 0.915975 -0.582486
FixedParameters: 0 0 0

#Transform 9
Transform: AffineTransform_float_3_3
Parameters: 0.999998 0.00227712 -0.000132966 -0.00227688 0.999997 0.000893305 0.000135035 -0.000893694 0.999999 0.989792 0.887878 -0.440382
FixedParameters: 0 0 0

#Transform 10
Transform: AffineTransform_float_3_3
Parameters: 0.999997 0.00235433 -0.000148898 -0.00235467 0.999995 0.00216736 0.000154105 -0.00216764 0.999997 1.01518 0.971377 -0.996492
FixedParameters: 0 0 0

#Transform 11
Transform: AffineTransform_float_3_3
Parameters: 0.999998 0.00194919 -0.000109717 -0.00194881 0.999996 0.00168422 0.000113282 -0.00168378 0.999998 0.842803 0.880144 -0.761303
FixedParameters: 0 0 0

#Transform 12
Transform: AffineTransform_float_3_3
Parameters: 0.999998 0.00192184 -0.000597299 -0.00192116 0.999997 0.00140615 0.000599701 -0.00140485 0.999999 0.785661 0.864155 -0.797775
FixedParameters: 0 0 0

#Transform 13
Transform: AffineTransform_float_3_3
Parameters: 0.999998 0.00186467 0.000191224 -0.00186533 0.999997 0.00172865 -0.000187777 -0.00172835 0.999998 0.845898 0.816611 -0.704636
FixedParameters: 0 0 0

#Transform 14
Transform: AffineTransform_float_3_3
Parameters: 0.999999 0.00132947 -0.000493721 -0.00132852 0.999998 0.000962657 0.000495278 -0.000961343 1 0.582026 0.718621 -0.620368
FixedParameters: 0 0 0

#Transform 15
Transform: AffineTransform_float_3_3
Parameters: 1 0.000343898 -0.000563062 -0.000344101 1 -0.000179806 0.000562938 0.000180194 1 0.13166 0.475546 0.052111
FixedParameters: 0 0 0

#Transform 16
Transform: AffineTransform_float_3_3
Parameters: 1 -7.9939e-05 0.000688891 7.90608e-05 0.999999 0.00136305 -0.000689108 -0.00136295 0.999999 0.0287306 -0.035157 -0.356952
FixedParameters: 0 0 0

#Transform 17
Transform: AffineTransform_float_3_3
Parameters: 1 0.000173218 0.000493275 -0.000173782 0.999998 0.00158591 -0.000492725 -0.00158608 0.999998 0.132666 0.272507 -0.566311
FixedParameters: 0 0 0

#Transform 18
Transform: AffineTransform_float_3_3
Parameters: 1 6.28084e-05 0.000699017 -6.31915e-05 1 0.000273956 -0.000698982 -0.000274044 0.999999 0.101249 0.208325 0.053512
FixedParameters: 0 0 0

#Transform 19
Transform: AffineTransform_float_3_3
Parameters: 1 6.32349e-05 0.000220933 -6.27651e-05 1 -0.00106301 -0.000221067 0.00106299 1 0.0576597 0.218199 0.532166
FixedParameters: 0 0 0

#Transform 20
Transform: AffineTransform_float_3_3
Parameters: 1 -0.00013301 2.69496e-05 0.00013299 1 0.000379004 -2.70504e-05 -0.000378996 1 -0.0453833 0.0371048 -0.155794
FixedParameters: 0 0 0

#Transform 21
Transform: AffineTransform_float_3_3
Parameters: 1 -9.50811e-05 -0.000212964 9.49188e-05 1 -0.00038102 0.000213036 0.00038098 1 -0.0540858 0.186383 0.0870298
FixedParameters: 0 0 0

#Transform 22
Transform: AffineTransform_float_3_3
Parameters: 0.999999 -0.000520568 0.000620362 0.000521432 0.999999 -0.000695676 -0.000620637 0.000696323 0.999999 -0.19421 0.110172 0.278311
FixedParameters: 0 0 0

#Transform 23
Transform: AffineTransform_float_3_3
Parameters: 0.999998 -0.00142073 0.00133835 0.00142227 0.999998 -0.000947098 -0.00133765 0.000948901 0.999998 -0.494201 -0.192819 0.467654
FixedParameters: 0 0 0

#Transform 24
Transform: AffineTransform_float_3_3
Parameters: 0.999997 -0.00262929 0.000719994 0.00263172 0.99999 -0.00379812 -0.000710007 0.00379988 0.999992 -1.07776 -0.700609 1.27871
FixedParameters: 0 0 0

#Transform 25
Transform: AffineTransform_float_3_3
Parameters: 0.999998 -0.00151889 0.00117074 0.00152111 0.999997 -0.00180022 -0.00116726 0.00180278 0.999997 -0.558355 -0.392256 0.752324
FixedParameters: 0 0 0

#Transform 26
Transform: AffineTransform_float_3_3
Parameters: 0.999997 -0.00211227 0.00131127 0.00211773 0.999988 -0.00438324 -0.00130173 0.00438576 0.999989 -0.790903 -0.572125 1.81897
FixedParameters: 0 0 0

#Transform 27
Transform: AffineTransform_float_3_3
Parameters: 0.999996 -0.00223687 0.00183382 0.00224013 0.999996 -0.0017059 -0.00182918 0.0017101 0.999997 -0.817032 -0.629459 0.983407
FixedParameters: 0 0 0

#Transform 28
Transform: AffineTransform_float_3_3
Parameters: 0.999994 -0.00266743 0.00246964 0.00267957 0.999984 -0.00509942 -0.00245636 0.00510659 0.999984 -0.938516 -0.703176 2.12631
FixedParameters: 0 0 0

#Transform 29
Transform: AffineTransform_float_3_3
Parameters: 0.999994 -0.00298643 0.00178998 0.00299057 0.999993 -0.00199766 -0.00178402 0.00200234 0.999997 -1.1436 -0.894137 1.13389
FixedParameters: 0 0 0

#Transform 30
Transform: AffineTransform_float_3_3
Parameters: 0.999994 -0.00289917 0.00197848 0.00290883 0.999984 -0.00498428 -0.00196352 0.00498972 0.999985 -1.01762 -0.730625 1.84015
FixedParameters: 0 0 0

#Transform 31
Transform: AffineTransform_float_3_3
Parameters: 0.99999 -0.00404809 0.00220719 0.00405191 0.99999 -0.00177108 -0.00219981 0.00177992 0.999996 -1.56017 -1.21077 1.30691
FixedParameters: 0 0 0

#Transform 32
Transform: AffineTransform_float_3_3
Parameters: 0.999992 -0.00351624 0.00191492 0.00351976 0.999992 -0.00196328 -0.00190808 0.00196973 0.999996 -1.35888 -0.886576 1.19897
FixedParameters: 0 0 0

#Transform 33
Transform: AffineTransform_float_3_3
Parameters: 0.999994 -0.00333773 0.00146149 0.00334027 0.999992 -0.00224113 -0.00145351 0.00224587 0.999997 -1.30485 -0.84938 1.06374
FixedParameters: 0 0 0

#Transform 34
Transform: AffineTransform_float_3_3
Parameters: 0.999994 -0.0032049 0.00146082 0.0032081 0.999992 -0.00212333 -0.00145418 0.00212767 0.999996 -1.24448 -0.828468 1.06875
FixedParameters: 0 0 0

#Transform 35
Transform: AffineTransform_float_3_3
Parameters: 0.999993 -0.00351753 0.0012838 0.00352047 0.999992 -0.00192949 -0.0012772 0.00193351 0.999998 -1.39962 -0.941507 0.985199
FixedParameters: 0 0 0

#Transform 36
Transform: AffineTransform_float_3_3
Parameters: 0.999997 -0.00236048 0.000601979 0.00236252 0.999994 -0.00253158 -0.000596018 0.00253341 0.999996 -0.997325 -0.574304 0.986319
FixedParameters: 0 0 0

#Transform 37
Transform: AffineTransform_float_3_3
Parameters: 0.999999 -0.00175708 0.000437727 0.00175793 0.999996 -0.00212023 -0.000434274 0.00212077 0.999997 -0.712161 -0.478743 0.888022
FixedParameters: 0 0 0

#Transform 38
Transform: AffineTransform_float_3_3
Parameters: 0.999998 -0.00188541 0.000313584 0.00188659 0.999997 -0.00190041 -0.000310414 0.00190159 0.999998 -0.787152 -0.495994 0.779639
FixedParameters: 0 0 0

#Transform 39
Transform: AffineTransform_float_3_3
Parameters: 0.999998 -0.00186154 0.000217004 0.00186146 0.999996 -0.0021506 -0.000212996 0.0021514 0.999997 -0.787332 -0.48324 0.829007
FixedParameters: 0 0 0

#Transform 40
Transform: AffineTransform_float_3_3
Parameters: 0.999999 -0.00176844 0.000217581 0.00176956 0.999995 -0.00258962 -0.000212417 0.00259038 0.999996 -0.744258 -0.508804 1.02861
FixedParameters: 0 0 0

#Transform 41
Transform: AffineTransform_float_3_3
Parameters: 0.999999 -0.00171177 0.000494273 0.00171323 0.999996 -0.00249516 -0.000489726 0.00249584 0.999997 -0.699283 -0.499048 1.07651
FixedParameters: 0 0 0

#Transform 42
Transform: AffineTransform_float_3_3
Parameters: 0.999999 -0.00176887 7.61044e-05 0.00176913 0.999997 -0.00175487 -7.28952e-05 0.00175513 0.999999 -0.771871 -0.431596 0.619349
FixedParameters: 0 0 0

#Transform 43
Transform: AffineTransform_float_3_3
Parameters: 0.999999 -0.00176785 0.000555665 0.00176915 0.999997 -0.00207202 -0.000552335 0.00207298 0.999997 -0.731862 -0.431077 0.90463
FixedParameters: 0 0 0

#Transform 44
Transform: AffineTransform_float_3_3
Parameters: 0.999998 -0.00187178 0.000121435 0.00187222 0.999996 -0.00183478 -0.000118565 0.00183522 0.999999 -0.813623 -0.468632 0.657584
FixedParameters: 0 0 0

#Transform 45
Transform: AffineTransform_float_3_3
Parameters: 0.999999 -0.00186071 0.000157403 0.00186128 0.999996 -0.00182871 -0.000153596 0.00182929 0.999999 -0.799752 -0.446911 0.653184
FixedParameters: 0 0 0

#Transform 46
Transform: AffineTransform_float_3_3
Parameters: 0.999998 -0.00184514 0.000379211 0.00184586 0.999995 -0.0022813 -0.000375788 0.0022827 0.999998 -0.772384 -0.484241 0.959015
FixedParameters: 0 0 0

#Transform 47
Transform: AffineTransform_float_3_3
Parameters: 0.999998 -0.00185707 0.000380573 0.00185793 0.999995 -0.0024613 -0.000376428 0.0024617 0.999997 -0.768791 -0.524355 0.981991
FixedParameters: 0 0 0

#Transform 48
Transform: AffineTransform_float_3_3
Parameters: 0.999997 -0.00218708 -2.96329e-05 0.00218692 0.999994 -0.00245407 3.53667e-05 0.00245393 0.999997 -0.95291 -0.607693 0.899757
FixedParameters: 0 0 0

#Transform 49
Transform: AffineTransform_float_3_3
Parameters: 0.999998 -0.00196814 0.000322277 0.00196886 0.999995 -0.00268037 -0.000316724 0.00268063 0.999997 -0.820442 -0.581827 1.10016
FixedParameters: 0 0 0

#Transform 50
Transform: AffineTransform_float_3_3
Parameters: 0.999998 -0.00200564 0.000168296 0.00200636 0.999995 -0.00214167 -0.000164702 0.00214233 0.999997 -0.854976 -0.610102 0.820973
FixedParameters: 0 0 0

#Transform 51
Transform: AffineTransform_float_3_3
Parameters: 0.999998 -0.0020752 0.000311346 0.0020768 0.999994 -0.00257536 -0.00030665 0.00257664 0.999996 -0.863472 -0.588621 1.06714
FixedParameters: 0 0 0

#Transform 52
Transform: AffineTransform_float_3_3
Parameters: 0.999998 -0.00203766 0.000152554 0.00203834 0.999996 -0.00223469 -0.000147446 0.0022343 0.999997 -0.856323 -0.585847 0.847563
FixedParameters: 0 0 0

#Transform 53
Transform: AffineTransform_float_3_3
Parameters: 0.999997 -0.00213645 -0.000199208 0.00213655 0.999995 -0.00224343 0.000203795 0.00224357 0.999998 -0.934854 -0.586862 0.757082
FixedParameters: 0 0 0

#Transform 54
Transform: AffineTransform_float_3_3
Parameters: 0.999998 -0.00208638 0.000296383 0.00208662 0.999995 -0.00210038 -0.000291618 0.00210061 0.999998 -0.87068 -0.573755 0.82878
FixedParameters: 0 0 0

#Transform 55
Transform: AffineTransform_float_3_3
Parameters: 0.999998 -0.00198035 0.000368529 0.00198065 0.999997 -0.00178128 -0.000364472 0.00178173 0.999999 -0.810991 -0.523573 0.70867
FixedParameters: 0 0 0

#Transform 56
Transform: AffineTransform_float_3_3
Parameters: 0.999998 -0.00211612 -5.03551e-05 0.00211589 0.999996 -0.00219511 5.46444e-05 0.00219489 0.999997 -0.925302 -0.55361 0.770714
FixedParameters: 0 0 0

#Transform 57
Transform: AffineTransform_float_3_3
Parameters: 0.999998 -0.00211792 3.74455e-05 0.00211807 0.999995 -0.00209892 -3.35541e-05 0.00209907 0.999998 -0.917986 -0.578941 0.752784
FixedParameters: 0 0 0

#Transform 58
Transform: AffineTransform_float_3_3
Parameters: 0.999998 -0.002082 3.1392e-07 0.00208199 0.999995 -0.002072 4.3139e-06 0.00207199 0.999998 -0.892001 -0.544162 0.72953
FixedParameters: 0 0 0

#Transform 59
Transform: AffineTransform_float_3_3
Parameters: 0.999998 -0.00207595 2.46065e-05 0.00207605 0.999996 -0.00221895 -2.03932e-05 0.00221905 0.999997 -0.900247 -0.519827 0.781919
FixedParameters: 0 0 0

#Transform 60
Transform: AffineTransform_float_3_3
Parameters: 0.999998 -0.00197999 8.10066e-06 0.00198001 0.999997 -0.00156599 -4.89929e-06 0.00156601 0.999999 -0.850487 -0.505603 0.510103
FixedParameters: 0 0 0

#Transform 61
Transform: AffineTransform_float_3_3
Parameters: 0.999999 -0.00176877 0.000102052 0.00176923 0.999996 -0.00229082 -9.79469e-05 0.00229118 0.999998 -0.754842 -0.437624 0.859169
FixedParameters: 0 0 0

#Transform 62
Transform: AffineTransform_float_3_3
Parameters: 0.999998 -0.00163625 -0.000153395 0.00163575 0.999998 -0.00159225 0.000156604 0.00159175 0.999998 -0.728787 -0.411435 0.491607
FixedParameters: 0 0 0

#Transform 63
Transform: AffineTransform_float_3_3
Parameters: 0.999998 -0.00160814 -6.56808e-05 0.00160786 0.999996 -0.00206411 6.93187e-05 0.00206389 0.999998 -0.711018 -0.379215 0.709734
FixedParameters: 0 0 0

#Transform 64
Transform: AffineTransform_float_3_3
Parameters: 0.999999 -0.00152884 -0.00038771 0.00152816 0.999996 -0.00215259 0.00039129 0.0021524 0.999997 -0.723092 -0.432398 0.684123
FixedParameters: 0 0 0

#Transform 65
Transform: AffineTransform_float_3_3
Parameters: 0.999999 -0.00121272 -0.000690985 0.00121128 0.999996 -0.00248784 0.000694015 0.00248716 0.999996 -0.607436 -0.272485 0.730162
FixedParameters: 0 0 0

#Transform 66
Transform: AffineTransform_float_3_3
Parameters: 0.999999 -0.00109839 -0.000661694 0.00109661 0.999997 -0.00210073 0.000664305 0.00210027 0.999997 -0.601579 -0.318824 0.604662
FixedParameters: 0 0 0

#Transform 67
Transform: AffineTransform_float_3_3
Parameters: 0.999999 -0.00103482 -0.000710352 0.00103318 0.999996 -0.00256174 0.000712649 0.00256127 0.999997 -0.536073 -0.235326 0.748624
FixedParameters: 0 0 0

#Transform 68
Transform: AffineTransform_float_3_3
Parameters: 0.999999 -0.000872593 -0.00113201 0.000869407 0.999997 -0.00228899 0.00113399 0.00228801 0.999996 -0.518261 -0.237154 0.511268
FixedParameters: 0 0 0

#Transform 69
Transform: AffineTransform_float_3_3
Parameters: 1 -0.000452589 -0.00113297 0.000449412 0.999998 -0.00228351 0.00113403 0.00228349 0.999997 -0.340337 -0.13717 0.575547
FixedParameters: 0 0 0

#Transform 70
Transform: AffineTransform_float_3_3
Parameters: 0.999999 -0.00012476 -0.00125773 0.000122241 0.999997 -0.00219315 0.00125827 0.00219384 0.999997 -0.21499 0.00216585 0.431188
FixedParameters: 0 0 0

#Transform 71
Transform: AffineTransform_float_3_3
Parameters: 0.999998 -0.000105006 -0.00160081 0.000101993 0.999998 -0.00187817 0.00160119 0.00187783 0.999997 -0.237239 -0.0080561 0.216517
FixedParameters: 0 0 0

#Transform 72
Transform: AffineTransform_float_3_3
Parameters: 0.999999 -5.65772e-05 -0.00153987 5.24224e-05 0.999998 -0.00232308 0.00154013 0.00232292 0.999996 -0.235346 0.056193 0.396511
FixedParameters: 0 0 0

#Transform 73
Transform: AffineTransform_float_3_3
Parameters: 0.999998 0.000326599 -0.00165268 -0.000329398 0.999998 -0.00205746 0.00165133 0.00205854 0.999997 -0.0958997 0.11735 0.298936
FixedParameters: 0 0 0

#Transform 74
Transform: AffineTransform_float_3_3
Parameters: 0.999999 0.000913639 -0.00163132 -0.000915359 0.999998 -0.00144651 0.00162968 0.00144849 0.999997 0.159051 0.46469 -0.0484044
FixedParameters: 0 0 0

#Transform 75
Transform: AffineTransform_float_3_3
Parameters: 0.999998 0.00123065 -0.00168172 -0.00123335 0.999999 -0.00139693 0.00168028 0.00139907 0.999997 0.293292 0.500245 -0.0626581
FixedParameters: 0 0 0

#Transform 76
Transform: AffineTransform_float_3_3
Parameters: 0.999998 0.00122732 -0.00185644 -0.00123068 0.999998 -0.00198372 0.00185356 0.00198628 0.999997 0.26994 0.490406 0.115033
FixedParameters: 0 0 0

#Transform 77
Transform: AffineTransform_float_3_3
Parameters: 0.999997 0.00164325 -0.00177056 -0.00164675 0.999998 -0.00155409 0.00176744 0.00155691 0.999997 0.436088 0.562531 0.0105742
FixedParameters: 0 0 0

#Transform 78
Transform: AffineTransform_float_3_3
Parameters: 0.999998 0.00140952 -0.00177078 -0.00141248 0.999997 -0.0019675 0.00176822 0.0019695 0.999997 0.358455 0.530369 0.150847
FixedParameters: 0 0 0

#Transform 79
Transform: AffineTransform_float_3_3
Parameters: 0.999996 0.00164303 -0.00197348 -0.00164597 0.999997 -0.00150576 0.00197152 0.00150924 0.999997 0.441596 0.549027 -0.0308832
FixedParameters: 0 0 0

#Transform 80
Transform: AffineTransform_float_3_3
Parameters: 0.999996 0.00164087 -0.00260723 -0.00164612 0.999996 -0.00196472 0.00260377 0.00196928 0.999994 0.401443 0.58764 -0.0715693
FixedParameters: 0 0 0

#Transform 81
Transform: AffineTransform_float_3_3
Parameters: 0.999996 0.00188844 -0.00238862 -0.00189257 0.999997 -0.00190949 0.00238539 0.00191451 0.999996 0.512036 0.596376 0.0380524
FixedParameters: 0 0 0

#Transform 82
Transform: AffineTransform_float_3_3
Parameters: 0.999995 0.00208816 -0.00258354 -0.00209484 0.999995 -0.0026466 0.00257846 0.0026524 0.999993 0.610673 0.6947 0.30097
FixedParameters: 0 0 0

#Transform 83
Transform: AffineTransform_float_3_3
Parameters: 0.999994 0.00201025 -0.00281611 -0.00201575 0.999996 -0.00203934 0.00281189 0.00204466 0.999994 0.550656 0.594467 -0.013256
FixedParameters: 0 0 0

#Transform 84
Transform: AffineTransform_float_3_3
Parameters: 0.999996 0.00194413 -0.00237999 -0.00194887 0.999996 -0.00204537 0.00237601 0.00205063 0.999995 0.567331 0.633356 0.128328
FixedParameters: 0 0 0

#Transform 85
Transform: AffineTransform_float_3_3
Parameters: 0.999994 0.00192029 -0.00287915 -0.00192471 0.999997 -0.00163447 0.00287586 0.00163953 0.999995 0.516445 0.674293 -0.233488
FixedParameters: 0 0 0

#Transform 86
Transform: AffineTransform_float_3_3
Parameters: 0.999993 0.00214053 -0.00289583 -0.00214247 0.999998 -0.000849802 0.00289317 0.000856199 0.999996 0.635756 0.733764 -0.556506
FixedParameters: 0 0 0

#Transform 87
Transform: AffineTransform_float_3_3
Parameters: 0.999996 0.00201271 -0.00232012 -0.00201429 0.999998 -0.000552329 0.00231888 0.00055767 0.999997 0.630197 0.720172 -0.514388
FixedParameters: 0 0 0

#Transform 88
Transform: AffineTransform_float_3_3
Parameters: 0.999993 0.00194607 -0.00318125 -0.00195293 0.999995 -0.0021778 0.00317675 0.0021842 0.999993 0.530713 0.649112 -0.0566085
FixedParameters: 0 0 0

#Transform 89
Transform: AffineTransform_float_3_3
Parameters: 0.999991 0.00239591 -0.00331196 -0.00240009 0.999997 -0.00123206 0.00330903 0.00124094 0.999994 0.72098 0.737812 -0.530284
FixedParameters: 0 0 0

#Transform 90
Transform: AffineTransform_float_3_3
Parameters: 0.999991 0.00235524 -0.00331068 -0.00235976 0.999997 -0.0011332 0.00330832 0.0011418 0.999994 0.695995 0.776598 -0.575148
FixedParameters: 0 0 0

#Transform 91
Transform: AffineTransform_float_3_3
Parameters: 0.999993 0.00225423 -0.00317768 -0.00225777 0.999997 -0.00118283 0.00317533 0.00119017 0.999995 0.66017 0.755671 -0.525125
FixedParameters: 0 0 0

#Transform 92
Transform: AffineTransform_float_3_3
Parameters: 0.999992 0.00231366 -0.00324638 -0.00231734 0.999997 -0.00102449 0.00324362 0.00103151 0.999994 0.686246 0.753122 -0.586146
FixedParameters: 0 0 0

#Transform 93
Transform: AffineTransform_float_3_3
Parameters: 0.999992 0.00229353 -0.00333977 -0.00229947 0.999996 -0.00163633 0.00333623 0.00164367 0.999993 0.680516 0.760171 -0.369356
FixedParameters: 0 0 0

#Transform 94
Transform: AffineTransform_float_3_3
Parameters: 0.999992 0.0021276 -0.00316563 -0.0021324 0.999997 -0.00170226 0.00316237 0.00170874 0.999994 0.615765 0.668089 -0.254877
FixedParameters: 0 0 0

#Transform 95
Transform: AffineTransform_float_3_3
Parameters: 0.999992 0.00238631 -0.00301113 -0.00238968 0.999997 -0.000888811 0.00300887 0.000896187 0.999995 0.758591 0.754891 -0.585512
FixedParameters: 0 0 0

#Transform 96
Transform: AffineTransform_float_3_3
Parameters: 0.999993 0.00203714 -0.00336634 -0.00204186 0.999998 -0.00114214 0.00336366 0.00114986 0.999993 0.566195 0.719124 -0.575421
FixedParameters: 0 0 0

#Transform 97
Transform: AffineTransform_float_3_3
Parameters: 0.999992 0.00229377 -0.00326497 -0.00229723 0.999996 -0.00129151 0.00326203 0.00129949 0.999994 0.694882 0.729452 -0.461321
FixedParameters: 0 0 0

#Transform 98
Transform: AffineTransform_float_3_3
Parameters: 0.999991 0.00240537 -0.00330038 -0.00241063 0.999996 -0.00139906 0.00329662 0.00140694 0.999993 0.743135 0.81842 -0.435953
FixedParameters: 0 0 0

#Transform 99
Transform: AffineTransform_float_3_3
Parameters: 0.999992 0.00221802 -0.00319676 -0.00222197 0.999997 -0.00124091 0.00319324 0.00124809 0.999994 0.662963 0.708804 -0.467826
FixedParameters: 0 0 0

#Transform 100
Transform: AffineTransform_float_3_3
Parameters: 0.999991 0.00240535 -0.00352617 -0.00240964 0.999996 -0.00131352 0.00352283 0.00132249 0.999993 0.71292 0.805593 -0.551334
FixedParameters: 0 0 0

#Transform 101
Transform: AffineTransform_float_3_3
Parameters: 0.999992 0.0024061 -0.00342175 -0.00240991 0.999997 -0.00113776 0.00341925 0.00114624 0.999993 0.703215 0.758618 -0.569427
FixedParameters: 0 0 0

#Transform 102
Transform: AffineTransform_float_3_3
Parameters: 0.999992 0.00223392 -0.00351124 -0.00223909 0.999997 -0.00144515 0.00350776 0.00145285 0.999993 0.628229 0.772923 -0.504487
FixedParameters: 0 0 0

#Transform 103
Transform: AffineTransform_float_3_3
Parameters: 0.999991 0.00240447 -0.0035008 -0.00241053 0.999996 -0.00157557 0.00349719 0.00158442 0.999992 0.70581 0.734571 -0.400202
FixedParameters: 0 0 0

#Transform 104
Transform: AffineTransform_float_3_3
Parameters: 0.999991 0.00240117 -0.00350107 -0.00240983 0.999994 -0.00252058 0.00349492 0.00252941 0.99999 0.70601 0.75816 -0.0104657
FixedParameters: 0 0 0

#Transform 105
Transform: AffineTransform_float_3_3
Parameters: 0.999991 0.00240409 -0.00366888 -0.00240991 0.999996 -0.00160717 0.00366512 0.00161583 0.999992 0.688169 0.716001 -0.44153
FixedParameters: 0 0 0

#Transform 106
Transform: AffineTransform_float_3_3
Parameters: 0.999992 0.0024041 -0.00315351 -0.0024099 0.999996 -0.00186842 0.0031495 0.00187559 0.999994 0.739455 0.746583 -0.149209
FixedParameters: 0 0 0

#Transform 107
Transform: AffineTransform_float_3_3
Parameters: 0.999991 0.00240649 -0.00355138 -0.0024105 0.999996 -0.000982448 0.00354862 0.000991549 0.999993 0.706868 0.809679 -0.625707
FixedParameters: 0 0 0

#Transform 108
Transform: AffineTransform_float_3_3
Parameters: 0.999994 0.00114361 -0.00320314 -0.00114439 1 -0.000120335 0.00320286 0.000123664 0.999995 0.182271 0.424439 -0.881214
FixedParameters: 0 0 0

#Transform 109
Transform: AffineTransform_float_3_3
Parameters: 0.999991 0.00234266 -0.00371974 -0.00234735 0.999996 -0.00116428 0.00371726 0.00117272 0.999993 0.655201 0.805371 -0.598023
FixedParameters: 0 0 0

#Transform 110
Transform: AffineTransform_float_3_3
Parameters: 0.99999 0.00243758 -0.00390589 -0.00243942 0.999997 -0.000357476 0.00390512 0.000367523 0.999993 0.672924 0.818495 -1.03635
FixedParameters: 0 0 0

#Transform 111
Transform: AffineTransform_float_3_3
Parameters: 0.999987 0.00275619 -0.00425917 -0.00275782 0.999996 -0.000420259 0.00425883 0.000431744 0.999991 0.789372 0.905212 -1.11099
FixedParameters: 0 0 0

#Transform 112
Transform: AffineTransform_float_3_3
Parameters: 0.999989 0.00249659 -0.00397414 -0.00250041 0.999996 -0.000853072 0.00397186 0.000862925 0.999991 0.700951 0.873985 -0.833817
FixedParameters: 0 0 0

#Transform 113
Transform: AffineTransform_float_3_3
Parameters: 0.999987 0.00255059 -0.00426004 -0.00255341 0.999997 -0.000795132 0.00425795 0.00080587 0.99999 0.693136 0.854903 -0.950059
FixedParameters: 0 0 0

#Transform 114
Transform: AffineTransform_float_3_3
Parameters: 0.999989 0.00270871 -0.00401555 -0.00271029 0.999996 -0.000565123 0.00401445 0.000575881 0.999992 0.801291 0.895891 -0.962518
FixedParameters: 0 0 0

#Transform 115
Transform: AffineTransform_float_3_3
Parameters: 0.999986 0.00287931 -0.00426881 -0.00288269 0.999995 -0.000623702 0.00426718 0.000636295 0.99999 0.848386 1.00189 -1.02273
FixedParameters: 0 0 0

#Transform 116
Transform: AffineTransform_float_3_3
Parameters: 0.999988 0.00287941 -0.00395488 -0.00288259 0.999995 -0.000648607 0.00395311 0.00066039 0.999992 0.876479 0.943365 -0.911188
FixedParameters: 0 0 0

#Transform 117
Transform: AffineTransform_float_3_3
Parameters: 0.999988 0.00287861 -0.00392849 -0.00288239 0.999995 -0.000857686 0.00392551 0.00086931 0.999992 0.87851 0.956862 -0.791036
FixedParameters: 0 0 0

#Transform 118
Transform: AffineTransform_float_3_3
Parameters: 0.999987 0.00287818 -0.0040807 -0.00288182 0.999996 -0.000931252 0.0040783 0.00094275 0.999991 0.875627 0.942095 -0.812572
FixedParameters: 0 0 0

#Transform 119
Transform: AffineTransform_float_3_3
Parameters: 0.999988 0.00276324 -0.00403321 -0.00276576 0.999996 -0.00043085 0.00403179 0.000442146 0.999992 0.81641 0.924052 -1.03355
FixedParameters: 0 0 0

#Transform 120
Transform: AffineTransform_float_3_3
Parameters: 0.999989 0.00271454 -0.00366682 -0.00271746 0.999996 -0.000666043 0.00366518 0.000675956 0.999993 0.831934 0.969597 -0.821947
FixedParameters: 0 0 0

#Transform 121
Transform: AffineTransform_float_3_3
Parameters: 0.999989 0.00254625 -0.00399839 -0.00254975 0.999997 -0.000932815 0.00399561 0.000943184 0.999991 0.735416 0.860213 -0.785302
FixedParameters: 0 0 0

#Transform 122
Transform: AffineTransform_float_3_3
Parameters: 0.999989 0.0028795 -0.00382589 -0.0028825 0.999995 -0.000647979 0.00382412 0.000659019 0.999993 0.898677 0.936064 -0.856954
FixedParameters: 0 0 0

#Transform 123
Transform: AffineTransform_float_3_3
Parameters: 0.999988 0.00273488 -0.00411374 -0.00273912 0.999996 -0.000995744 0.00411126 0.00100726 0.999991 0.808468 0.930809 -0.782301
FixedParameters: 0 0 0

#Transform 124
Transform: AffineTransform_float_3_3
Parameters: 0.999986 0.00287872 -0.00427221 -0.00288228 0.999996 -0.000761697 0.00426978 0.000774302 0.99999 0.847104 0.960802 -0.936099
FixedParameters: 0 0 0

#Transform 125
Transform: AffineTransform_float_3_3
Parameters: 0.999987 0.00287999 -0.00417339 -0.00288201 0.999995 -0.000474978 0.00417162 0.00048702 0.999991 0.850629 0.98674 -1.01471
FixedParameters: 0 0 0

#Transform 126
Transform: AffineTransform_float_3_3
Parameters: 0.999987 0.0028785 -0.00422639 -0.0028825 0.999996 -0.000822828 0.00422461 0.000835172 0.99999 0.862541 1.00851 -0.907232
FixedParameters: 0 0 0

#Transform 127
Transform: AffineTransform_float_3_3
Parameters: 0.999986 0.00297912 -0.00420633 -0.00298088 0.999996 -0.000441468 0.00420467 0.000453532 0.999991 0.892876 0.984115 -1.03945
FixedParameters: 0 0 0

#Transform 128
Transform: AffineTransform_float_3_3
Parameters: 0.999986 0.00287757 -0.00427899 -0.00288244 0.999996 -0.00103068 0.00427602 0.00104232 0.999991 0.840402 0.977155 -0.827989
FixedParameters: 0 0 0

#Transform 129
Transform: AffineTransform_float_3_3
Parameters: 0.999986 0.0028793 -0.0043278 -0.0028827 0.999995 -0.000617533 0.0043262 0.000629465 0.999991 0.838782 0.942289 -1.01062
FixedParameters: 0 0 0

#Transform 130
Transform: AffineTransform_float_3_3
Parameters: 0.999986 0.00287623 -0.00447072 -0.00288177 0.999995 -0.00128413 0.00446729 0.00129687 0.999989 0.837616 0.965211 -0.792104
FixedParameters: 0 0 0

#Transform 131
Transform: AffineTransform_float_3_3
Parameters: 0.999985 0.00331975 -0.00436824 -0.00332426 0.999994 -0.000967493 0.00436476 0.000981505 0.99999 1.01982 1.05001 -0.883836
FixedParameters: 0 0 0

#Transform 132
Transform: AffineTransform_float_3_3
Parameters: 0.999986 0.002968 -0.00436977 -0.002975 0.999995 -0.00159702 0.00436524 0.00160998 0.999989 0.867821 0.966923 -0.585552
FixedParameters: 0 0 0

#Transform 133
Transform: AffineTransform_float_3_3
Parameters: 0.999986 0.00319783 -0.00437026 -0.00320517 0.999993 -0.00163502 0.00436474 0.00164898 0.999989 0.966345 0.976162 -0.618096
FixedParameters: 0 0 0

#Transform 134
Transform: AffineTransform_float_3_3
Parameters: 0.999985 0.00295936 -0.00450205 -0.00296463 0.999995 -0.00102267 0.00449895 0.00103633 0.99999 0.837162 0.906905 -0.885689
FixedParameters: 0 0 0

#Transform 135
Transform: AffineTransform_float_3_3
Parameters: 0.999987 0.00265016 -0.00447566 -0.00265784 0.999995 -0.00174713 0.00447135 0.00175887 0.999989 0.704212 0.828008 -0.575966
FixedParameters: 0 0 0

#Transform 136
Transform: AffineTransform_float_3_3
Parameters: 0.999984 0.00287469 -0.00488131 -0.0028823 0.999994 -0.00148995 0.00487669 0.00150404 0.999987 0.765032 0.88987 -0.808843
FixedParameters: 0 0 0

#Transform 137
Transform: AffineTransform_float_3_3
Parameters: 0.999984 0.00287299 -0.00488231 -0.00288201 0.999994 -0.00183896 0.00487669 0.00185304 0.999987 0.746542 0.857785 -0.604755
FixedParameters: 0 0 0

#Transform 138
Transform: AffineTransform_float_3_3
Parameters: 0.999986 0.00308866 -0.00429828 -0.00309533 0.999994 -0.00170072 0.00429372 0.00171429 0.99999 0.89651 0.953836 -0.556503
FixedParameters: 0 0 0

#Transform 139
Transform: AffineTransform_float_3_3
Parameters: 0.999984 0.00320058 -0.00462845 -0.00320642 0.999994 -0.00138118 0.00462455 0.00139582 0.999989 0.923639 0.97431 -0.787096
FixedParameters: 0 0 0

#Transform 140
Transform: AffineTransform_float_3_3
Parameters: 0.999985 0.00319941 -0.00456034 -0.00320659 0.999994 -0.0016584 0.00455467 0.0016736 0.999988 0.936856 1.00169 -0.640209
FixedParameters: 0 0 0

#Transform 141
Transform: AffineTransform_float_3_3
Parameters: 0.999983 0.00326078 -0.00481825 -0.00326922 0.999993 -0.00190628 0.00481275 0.00192272 0.999986 0.935651 0.968512 -0.611594
FixedParameters: 0 0 0

#Transform 142
Transform: AffineTransform_float_3_3
Parameters: 0.999982 0.00333269 -0.00486639 -0.00334131 0.999992 -0.00190577 0.00486061 0.00192223 0.999987 0.990021 0.968758 -0.614019
FixedParameters: 0 0 0

#Transform 143
Transform: AffineTransform_float_3_3
Parameters: 0.999981 0.00353586 -0.00500817 -0.00354613 0.999991 -0.00201628 0.00500083 0.00203472 0.999986 1.06166 1.08405 -0.616135
FixedParameters: 0 0 0

#Transform 144
Transform: AffineTransform_float_3_3
Parameters: 0.999981 0.00375037 -0.00503495 -0.00375663 0.999992 -0.00130811 0.00503006 0.00132689 0.999987 1.13499 1.091 -0.920543
FixedParameters: 0 0 0

#Transform 145
Transform: AffineTransform_float_3_3
Parameters: 0.999981 0.00360038 -0.0050309 -0.00360961 0.999991 -0.00190388 0.00502311 0.00192212 0.999986 1.07169 1.09708 -0.671788
FixedParameters: 0 0 0

#Transform 146
Transform: AffineTransform_float_3_3
Parameters: 0.99998 0.00375048 -0.00507183 -0.00375652 0.999992 -0.00127597 0.00506718 0.00129503 0.999987 1.11971 1.14031 -0.971787
FixedParameters: 0 0 0

#Transform 147
Transform: AffineTransform_float_3_3
Parameters: 0.99998 0.00375158 -0.00520592 -0.00375643 0.999993 -0.00103347 0.00520209 0.00105254 0.999986 1.12519 1.17894 -1.08399
FixedParameters: 0 0 0

#Transform 148
Transform: AffineTransform_float_3_3
Parameters: 0.999978 0.0037476 -0.00545846 -0.0037564 0.999991 -0.00171253 0.00545253 0.00173347 0.999983 1.0837 1.1699 -0.888314
FixedParameters: 0 0 0

#Transform 149
Transform: AffineTransform_float_3_3
Parameters: 0.99998 0.00375103 -0.00520731 -0.00375697 0.999993 -0.00113746 0.0052037 0.00115654 0.999986 1.09184 1.14828 -1.01013
FixedParameters: 0 0 0

#Transform 150
Transform: AffineTransform_float_3_3
Parameters: 0.999982 0.00374938 -0.00473304 -0.00375662 0.999991 -0.00160225 0.00472695 0.00161975 0.999987 1.13722 1.18458 -0.702712
FixedParameters: 0 0 0

#Transform 151
Transform: AffineTransform_float_3_3
Parameters: 0.999979 0.00402204 -0.00518963 -0.00402797 0.999991 -0.00113912 0.00518438 0.00115988 0.999986 1.19359 1.21445 -0.991139
FixedParameters: 0 0 0

#Transform 152
Transform: AffineTransform_float_3_3
Parameters: 0.99998 0.00389642 -0.00500347 -0.00390557 0.99999 -0.0019055 0.00499552 0.0019255 0.999985 1.17718 1.23613 -0.668954
FixedParameters: 0 0 0

#Transform 153
Transform: AffineTransform_float_3_3
Parameters: 0.999978 0.0040081 -0.00527901 -0.0040159 0.999991 -0.00148683 0.005273 0.00150717 0.999985 1.17735 1.19703 -0.867139
FixedParameters: 0 0 0

#Transform 154
Transform: AffineTransform_float_3_3
Parameters: 0.999981 0.00373909 -0.00493852 -0.00374891 0.999991 -0.00199852 0.00493148 0.00201748 0.999986 1.10585 1.15142 -0.608782
FixedParameters: 0 0 0

#Transform 155
Transform: AffineTransform_float_3_3
Parameters: 0.99998 0.00403861 -0.0049662 -0.00404539 0.999991 -0.00127694 0.0049608 0.00129706 0.999987 1.23126 1.20088 -0.88369
FixedParameters: 0 0 0

#Transform 156
Transform: AffineTransform_float_3_3
Parameters: 0.999983 0.00378786 -0.00448389 -0.00379514 0.999991 -0.00180802 0.00447711 0.00182499 0.999989 1.16908 1.19873 -0.554817
FixedParameters: 0 0 0

#Transform 157
Transform: AffineTransform_float_3_3
Parameters: 0.999979 0.00415589 -0.00485509 -0.00416211 0.999991 -0.00145482 0.00484891 0.00147518 0.999987 1.28438 1.2338 -0.789358
FixedParameters: 0 0 0

#Transform 158
Transform: AffineTransform_float_3_3
Parameters: 0.999981 0.00407191 -0.00478276 -0.0040811 0.99999 -0.00189352 0.00477524 0.00191248 0.999987 1.26207 1.27538 -0.605833
FixedParameters: 0 0 0

#Transform 159
Transform: AffineTransform_float_3_3
Parameters: 0.999978 0.00427513 -0.00504369 -0.00428287 0.999989 -0.00155143 0.00503632 0.00157256 0.999986 1.31906 1.27533 -0.802394
FixedParameters: 0 0 0

#Transform 160
Transform: AffineTransform_float_3_3
Parameters: 0.999979 0.00394122 -0.00518973 -0.00395378 0.999989 -0.00245453 0.00518027 0.00247447 0.999983 1.17402 1.20083 -0.43372
FixedParameters: 0 0 0

#Transform 161
Transform: AffineTransform_float_3_3
Parameters: 0.999979 0.004188 -0.00492896 -0.004195 0.99999 -0.00141135 0.00492304 0.00143165 0.999987 1.28685 1.23606 -0.816377
FixedParameters: 0 0 0

#Transform 162
Transform: AffineTransform_float_3_3
Parameters: 0.999979 0.0038708 -0.00518538 -0.00387819 0.999991 -0.00137792 0.00517962 0.00139808 0.999985 1.13074 1.25669 -0.936593
FixedParameters: 0 0 0

#Transform 163
Transform: AffineTransform_float_3_3
Parameters: 0.999976 0.00450155 -0.00522456 -0.00450845 0.999989 -0.00122347 0.00521843 0.00124752 0.999985 1.40519 1.38451 -1.04097
FixedParameters: 0 0 0

#Transform 164
Transform: AffineTransform_float_3_3
Parameters: 0.999977 0.00450134 -0.00507092 -0.00450866 0.999989 -0.00130317 0.00506508 0.00132583 0.999987 1.42682 1.38933 -0.932263
FixedParameters: 0 0 0

#Transform 165
Transform: AffineTransform_float_3_3
Parameters: 0.999975 0.00484267 -0.00503402 -0.00485133 0.999987 -0.00164362 0.00502597 0.00166738 0.999986 1.56961 1.47104 -0.792087
FixedParameters: 0 0 0

#Transform 166
Transform: AffineTransform_float_3_3
Parameters: 0.999978 0.00462561 -0.00486504 -0.0046324 0.999988 -0.0015095 0.00485797 0.00153151 0.999987 1.49229 1.42015 -0.776034
FixedParameters: 0 0 0

#Transform 167
Transform: AffineTransform_float_3_3
Parameters: 0.999977 0.00458132 -0.00498814 -0.00458868 0.999988 -0.00132814 0.00498186 0.00135085 0.999986 1.45466 1.42396 -0.900195
FixedParameters: 0 0 0

#Transform 168
Transform: AffineTransform_float_3_3
Parameters: 0.999978 0.00443813 -0.00505656 -0.00444987 0.999988 -0.00214055 0.00504744 0.00216345 0.999985 1.39049 1.37814 -0.589575
FixedParameters: 0 0 0

#Transform 169
Transform: AffineTransform_float_3_3
Parameters: 0.999978 0.00446074 -0.00480375 -0.00446725 0.999989 -0.00150057 0.00479625 0.00152243 0.999988 1.42129 1.34827 -0.765062
FixedParameters: 0 0 0

#Transform 170
Transform: AffineTransform_float_3_3
Parameters: 0.99998 0.00434791 -0.00460165 -0.00435509 0.999989 -0.00174899 0.00459435 0.00176901 0.999988 1.39445 1.37193 -0.612885
FixedParameters: 0 0 0

#Transform 171
Transform: AffineTransform_float_3_3
Parameters: 0.999976 0.00473101 -0.00519955 -0.004736 0.999989 -0.000948399 0.00519445 0.000973599 0.999986 1.50021 1.45224 -1.13205
FixedParameters: 0 0 0

#Transform 172
Transform: AffineTransform_float_3_3
Parameters: 0.999978 0.00460381 -0.00486971 -0.00461319 0.999988 -0.00187758 0.0048603 0.00190042 0.999987 1.48118 1.43537 -0.637276
FixedParameters: 0 0 0

#Transform 173
Transform: AffineTransform_float_3_3
Parameters: 0.999976 0.00479685 -0.00511759 -0.00480615 0.999987 -0.00177645 0.00510841 0.00180155 0.999986 1.53002 1.417 -0.724546
FixedParameters: 0 0 0

#Transform 174
Transform: AffineTransform_float_3_3
Parameters: 0.999979 0.00455633 -0.00460159 -0.00456767 0.999987 -0.00252904 0.00459042 0.00254997 0.999986 1.47022 1.34518 -0.238803
FixedParameters: 0 0 0

#Transform 175
Transform: AffineTransform_float_3_3
Parameters: 0.999977 0.00462882 -0.00492469 -0.00463717 0.999988 -0.0016492 0.0049173 0.0016728 0.999986 1.46961 1.37498 -0.7109
FixedParameters: 0 0 0

#Transform 176
Transform: AffineTransform_float_3_3
Parameters: 0.999978 0.00463039 -0.00484321 -0.00464062 0.999988 -0.00197557 0.00483379 0.00199843 0.999987 1.4801 1.43196 -0.552709
FixedParameters: 0 0 0

#Transform 177
Transform: AffineTransform_float_3_3
Parameters: 0.999978 0.00457497 -0.00491037 -0.00458504 0.999987 -0.00203453 0.00490163 0.00205647 0.999986 1.44654 1.36033 -0.546172
FixedParameters: 0 0 0

#Transform 178
Transform: AffineTransform_float_3_3
Parameters: 0.999977 0.00459532 -0.00499086 -0.00460568 0.999987 -0.00213106 0.00498115 0.00215394 0.999986 1.44803 1.40936 -0.494061
FixedParameters: 0 0 0

#Transform 179
Transform: AffineTransform_float_3_3
Parameters: 0.999976 0.00462585 -0.00502029 -0.00463714 0.999987 -0.00221077 0.0050097 0.00223423 0.999985 1.4541 1.36932 -0.475975
FixedParameters: 0 0 0

#Transform 180
Transform: AffineTransform_float_3_3
Parameters: 0.999978 0.00463108 -0.00473877 -0.00463792 0.999988 -0.00145105 0.00473122 0.00147294 0.999987 1.47628 1.38367 -0.70876
FixedParameters: 0 0 0

#Transform 181
Transform: AffineTransform_float_3_3
Parameters: 0.999979 0.00448861 -0.00467207 -0.00449639 0.999989 -0.00178703 0.00466392 0.00180797 0.999987 1.42696 1.43315 -0.601594
FixedParameters: 0 0 0

#Transform 182
Transform: AffineTransform_float_3_3
Parameters: 0.999976 0.00467728 -0.00515828 -0.00468171 0.999988 -0.000901872 0.00515372 0.000926128 0.999987 1.46697 1.42702 -1.15144
FixedParameters: 0 0 0

#Transform 183
Transform: AffineTransform_float_3_3
Parameters: 0.999976 0.00451943 -0.00522568 -0.00452557 0.999989 -0.00124538 0.00522031 0.00126962 0.999985 1.40372 1.44173 -1.03667
FixedParameters: 0 0 0

#Transform 184
Transform: AffineTransform_float_3_3
Parameters: 0.999974 0.00504175 -0.00503825 -0.00504725 0.999986 -0.0010296 0.00503274 0.0010544 0.999987 1.64609 1.56867 -1.05243
FixedParameters: 0 0 0

#Transform 185
Transform: AffineTransform_float_3_3
Parameters: 0.999976 0.00461734 -0.00503779 -0.00462766 0.999987 -0.00210574 0.00502821 0.00212927 0.999985 1.46706 1.38933 -0.541142
FixedParameters: 0 0 0

#Transform 186
Transform: AffineTransform_float_3_3
Parameters: 0.999976 0.0045974 -0.0050708 -0.00460559 0.999988 -0.00168468 0.00506319 0.00170832 0.999985 1.45374 1.38704 -0.757049
FixedParameters: 0 0 0

#Transform 187
Transform: AffineTransform_float_3_3
Parameters: 0.999978 0.00458377 -0.00480491 -0.00459124 0.999989 -0.00149597 0.00479809 0.00151703 0.999988 1.45939 1.38648 -0.738616
FixedParameters: 0 0 0

#Transform 188
Transform: AffineTransform_float_3_3
Parameters: 0.999978 0.00444728 -0.00501863 -0.00445672 0.999988 -0.00192768 0.00500937 0.00195032 0.999985 1.38029 1.36995 -0.671621
FixedParameters: 0 0 0

#Transform 189
Transform: AffineTransform_float_3_3
Parameters: 0.99998 0.00421474 -0.00468075 -0.00422027 0.999991 -0.00111527 0.00467526 0.00113473 0.999989 1.32683 1.33884 -0.919494
