#Insight Transform File V1.0
#Transform 0
Transform: AffineTransform_float_3_3
Parameters: 1 1.9325e-05 -0.000238056 -2.06749e-05 0.999996 -0.00283599 0.000237942 0.002836 0.999996 -0.127178 -0.57201 1.1032
FixedParameters: 0 0 0

#Transform 1
Transform: AffineTransform_float_3_3
Parameters: 1 -3.0956e-05 -0.000368921 3.00438e-05 0.999996 -0.00259101 0.000369079 0.00259099 0.999996 -0.155943 -0.575572 0.96091
FixedParameters: 0 0 0

#Transform 2
Transform: AffineTransform_float_3_3
Parameters: 1 0.000128031 -0.000337369 -0.000128968 0.999996 -0.00287396 0.000336631 0.00287404 0.999996 -0.0834804 -0.429557 1.02382
FixedParameters: 0 0 0

#Transform 3
Transform: AffineTransform_float_3_3
Parameters: 1 -3.40907e-05 -0.000420913 3.29091e-05 0.999996 -0.00259101 0.000421086 0.00259098 0.999996 -0.126521 -0.541383 0.886103
FixedParameters: 0 0 0

#Transform 4
Transform: AffineTransform_float_3_3
Parameters: 1 -0.000437907 3.22867e-05 0.000438092 0.999995 -0.00293798 -3.0713e-05 0.00293801 0.999995 -0.194783 -0.620311 1.14381
FixedParameters: 0 0 0

#Transform 5
Transform: AffineTransform_float_3_3
Parameters: 1 -3.21385e-05 0.000323087 3.28613e-05 0.999997 -0.00266699 -0.000322914 0.00266701 0.999997 0.0246468 -0.491448 1.13895
FixedParameters: 0 0 0

#Transform 6
Transform: AffineTransform_float_3_3
Parameters: 1 -0.000382331 0.000350731 0.00038367 0.999998 -0.00190987 -0.000350268 0.00191013 0.999998 -0.043225 -0.555231 0.845651
FixedParameters: 0 0 0

#Transform 7
Transform: AffineTransform_float_3_3
Parameters: 1 -0.000512344 0.000328026 0.000512655 0.999998 -0.00200083 -0.000326975 0.00200117 0.999998 -0.135205 -0.505337 0.868744
FixedParameters: 0 0 0

#Transform 8
Transform: AffineTransform_float_3_3
Parameters: 1 -0.000512765 0.000152789 0.000513235 0.999998 -0.00153892 -0.000152211 0.00153808 0.999999 -0.163579 -0.486977 0.644918
FixedParameters: 0 0 0

#Transform 9
Transform: AffineTransform_float_3_3
Parameters: 1 -0.000512432 0.000449648 0.000512567 0.999999 -0.00126377 -0.000448352 0.00126423 0.999999 -0.0981032 -0.464805 0.61405
FixedParameters: 0 0 0

#Transform 10
Transform: AffineTransform_float_3_3
Parameters: 0.999999 -0.000511924 0.000695792 0.000513076 0.999998 -0.00154664 -0.000695206 0.00154736 0.999998 -0.0870427 -0.369075 0.786659
FixedParameters: 0 0 0

#Transform 11
Transform: AffineTransform_float_3_3
Parameters: 0.999999 -0.000512296 0.000612589 0.000512704 0.999999 -0.00114969 -0.000612411 0.00114931 0.999999 -0.108834 -0.410832 0.635968
FixedParameters: 0 0 0

#Transform 12
Transform: AffineTransform_float_3_3
Parameters: 0.999999 -0.000590358 0.000645588 0.000591642 1 -0.000995619 -0.000644411 0.000995381 1 -0.111135 -0.351845 0.568451
FixedParameters: 0 0 0

#Transform 13
Transform: AffineTransform_float_3_3
Parameters: 0.999999 -0.000586347 0.000645594 0.000587652 1 -0.00101162 -0.000644406 0.00101138 1 -0.106272 -0.419623 0.569061
FixedParameters: 0 0 0

#Transform 14
Transform: AffineTransform_float_3_3
Parameters: 0.999999 -0.000512445 0.000503565 0.000512555 1 -0.00110174 -0.000503435 0.00110226 1 -0.128319 -0.337017 0.549145
FixedParameters: 0 0 0

#Transform 15
Transform: AffineTransform_float_3_3
Parameters: 1 -0.000233627 0.000338258 0.000234372 1 -0.00110192 -0.000337742 0.00110208 1 -0.0743803 -0.218596 0.496297
FixedParameters: 0 0 0

#Transform 16
Transform: AffineTransform_float_3_3
Parameters: 0.999999 -0.000409649 0.000609235 0.00041035 1 -0.00057475 -0.000608764 0.000575249 0.999999 -0.0425808 -0.277769 0.336569
FixedParameters: 0 0 0

#Transform 17
Transform: AffineTransform_float_3_3
Parameters: 0.999999 3.09212e-05 0.000835966 -3.00787e-05 1 -0.00110203 -0.000836033 0.00110198 0.999999 0.156552 -0.138167 0.612058
FixedParameters: 0 0 0

#Transform 18
Transform: AffineTransform_float_3_3
Parameters: 1 9.01155e-05 0.000249958 -8.98845e-05 1 -0.000462022 -0.000250042 0.000461977 1 0.119519 -0.116657 0.223656
FixedParameters: 0 0 0

#Transform 19
Transform: AffineTransform_float_3_3
Parameters: 1 -0.000166019 0.000183983 0.000165981 1 0.000104031 -0.000184017 -0.000103969 1 -0.0150805 -0.0603303 -0.0299938
FixedParameters: 0 0 0

#Transform 20
Transform: AffineTransform_float_3_3
Parameters: 1 -1.10397e-05 0.000249998 1.09602e-05 1 0.000159003 -0.000250002 -0.000158997 1 0.0363557 -0.00265684 -0.0408432
FixedParameters: 0 0 0

#Transform 21
Transform: AffineTransform_float_3_3
Parameters: 1 6e-06 0.000663 -6e-06 1 -3.978e-09 -0.000663 -3.978e-09 1 0.145606 0.0175254 0.147138
FixedParameters: 0 0 0

#Transform 22
Transform: AffineTransform_float_3_3
Parameters: 1 -0.00016669 0.000486764 0.000166309 0.999999 0.00141808 -0.000487236 -0.00141792 0.999999 0.0887316 0.282369 -0.546985
FixedParameters: 0 0 0

#Transform 23
Transform: AffineTransform_float_3_3
Parameters: 0.999999 -0.000799048 0.000300873 0.000798952 0.999999 0.00015924 -0.000301128 -0.000159759 1 -0.202689 -0.17527 0.00611142
FixedParameters: 0 0 0

#Transform 24
Transform: AffineTransform_float_3_3
Parameters: 0.999999 -0.000857016 0.000102864 0.000856983 0.999999 0.000159088 -0.000103136 -0.000158912 1 -0.300569 -0.153467 -0.0568501
FixedParameters: 0 0 0

#Transform 25
Transform: AffineTransform_float_3_3
Parameters: 0.999999 -0.000792922 -7.2854e-05 0.000793078 0.999999 0.00107694 7.21459e-05 -0.00107706 1 -0.328827 -0.104877 -0.425373
FixedParameters: 0 0 0

#Transform 26
Transform: AffineTransform_float_3_3
Parameters: 1 -0.000612218 0.000210368 0.000611783 1 0.00103313 -0.000210632 -0.00103287 1 -0.164403 -0.0253903 -0.323361
FixedParameters: 0 0 0

#Transform 27
Transform: AffineTransform_float_3_3
Parameters: 0.999999 -0.000719925 -7.67113e-05 0.000720075 1 0.000987946 7.52886e-05 -0.000988055 1 -0.274869 -0.012977 -0.433632
FixedParameters: 0 0 0

#Transform 28
Transform: AffineTransform_float_3_3
Parameters: 1 -0.00102307 7.90506e-05 0.00102293 0.999999 0.000928081 -7.99493e-05 -0.000927918 0.999999 -0.357482 -0.0981884 -0.389067
FixedParameters: 0 0 0

#Transform 29
Transform: AffineTransform_float_3_3
Parameters: 0.999999 -0.000857033 3.82629e-05 0.000856967 1 0.000860033 -3.8737e-05 -0.000859967 0.999999 -0.282938 -0.093668 -0.372429
FixedParameters: 0 0 0

#Transform 30
Transform: AffineTransform_float_3_3
Parameters: 0.999999 -0.000273945 -0.00148728 0.000270053 0.999997 -0.00265241 0.00148872 0.0026516 0.999996 -0.356812 -0.659425 0.927393
FixedParameters: 0 0 0

#Transform 31
Transform: AffineTransform_float_3_3
Parameters: 0.999999 -0.000478837 -0.000776871 0.000476163 0.999997 -0.00236237 0.000778127 0.00236263 0.999997 -0.28026 -0.66655 0.979856
FixedParameters: 0 0 0

#Transform 32
Transform: AffineTransform_float_3_3
Parameters: 0.999999 -0.000409887 -0.000777007 0.000408112 0.999997 -0.00242832 0.000777993 0.00242768 0.999997 -0.301511 -0.591344 0.996894
FixedParameters: 0 0 0

#Transform 33
Transform: AffineTransform_float_3_3
Parameters: 1 -0.000194317 -0.00102375 0.000192685 0.999999 -0.0012852 0.00102325 0.0012858 0.999998 -0.218049 -0.469308 0.568168
FixedParameters: 0 0 0

#Transform 34
Transform: AffineTransform_float_3_3
Parameters: 0.999999 -0.000358662 -0.0011908 0.000358337 1 -0.000556427 0.0011912 0.000555573 0.999999 -0.260929 -0.498325 0.279405
FixedParameters: 0 0 0

#Transform 35
Transform: AffineTransform_float_3_3
Parameters: 0.999998 4.74741e-05 -0.00188604 -4.85257e-05 0.999999 -0.00080891 0.00188596 0.000809091 0.999998 -0.288486 -0.287606 0.130319
FixedParameters: 0 0 0

#Transform 36
Transform: AffineTransform_float_3_3
Parameters: 0.999999 -0.000358224 -0.00133694 0.000357775 1 -0.000168478 0.00133706 0.000167521 0.999999 -0.356304 -0.37129 0.0340116
FixedParameters: 0 0 0

#Transform 37
Transform: AffineTransform_float_3_3
Parameters: 0.999999 -6.67935e-05 -0.00154997 6.62063e-05 1 -0.000512103 0.00155003 0.000511897 0.999998 -0.327419 -0.261789 0.0736528
FixedParameters: 0 0 0

#Transform 38
Transform: AffineTransform_float_3_3
Parameters: 0.999999 4.4376e-06 -0.001831 -4.56238e-06 1 0.000239009 0.001831 -0.000238992 0.999999 -0.414888 -0.157841 -0.281261
FixedParameters: 0 0 0

#Transform 39
Transform: AffineTransform_float_3_3
Parameters: 0.999999 2.23642e-06 -0.001506 -7.63571e-07 0.999999 0.000821001 0.001506 -0.000820997 0.999998 -0.343005 -0.0674728 -0.456695
FixedParameters: 0 0 0

#Transform 40
Transform: AffineTransform_float_3_3
Parameters: 0.999999 0.000346585 -0.00150986 -0.000345414 1 0.000388522 0.00150913 -0.000387477 0.999999 -0.234593 -0.00188648 -0.267653
FixedParameters: 0 0 0

#Transform 41
Transform: AffineTransform_float_3_3
Parameters: 0.999998 0.000202212 -0.00210198 -0.000201787 1 0.000101424 0.00210202 -0.000100575 0.999998 -0.370645 -0.1029 -0.340905
FixedParameters: 0 0 0

#Transform 42
Transform: AffineTransform_float_3_3
Parameters: 0.999999 -0.000102122 -0.00139799 0.00010288 1 -8.61439e-05 0.00139801 8.68573e-05 0.999999 -0.37414 -0.247746 -0.0686387
FixedParameters: 0 0 0

#Transform 43
Transform: AffineTransform_float_3_3
Parameters: 0.999999 -0.00022332 -0.00181608 0.000223681 1 0.000374594 0.00181592 -0.000374406 0.999999 -0.465194 -0.2225 -0.357706
FixedParameters: 0 0 0

#Transform 44
Transform: AffineTransform_float_3_3
Parameters: 1 -0.00020377 -0.00110504 0.00020423 1 0.000207775 0.00110496 -0.000208225 1 -0.354079 -0.203115 -0.104215
FixedParameters: 0 0 0

#Transform 45
Transform: AffineTransform_float_3_3
Parameters: 0.999999 -2.33689e-05 -0.00144401 2.3631e-05 1 0.000436966 0.00144399 -0.000437034 0.999999 -0.338215 -0.100922 -0.300248
FixedParameters: 0 0 0

#Transform 46
Transform: AffineTransform_float_3_3
Parameters: 1 -0.000278358 -0.00115316 0.000278643 1 0.000556679 0.00115385 -0.000557322 0.999999 -0.394583 -0.197076 -0.251192
FixedParameters: 0 0 0

#Transform 47
Transform: AffineTransform_float_3_3
Parameters: 0.999999 -0.000216654 -0.00146705 0.000217346 1 0.000235681 0.00146695 -0.000236318 0.999999 -0.400342 -0.251369 -0.220122
FixedParameters: 0 0 0

#Transform 48
Transform: AffineTransform_float_3_3
Parameters: 0.999999 -0.000217274 -0.00120595 0.000216727 1 -0.000226262 0.00120605 0.000226738 0.999999 -0.372485 -0.234113 0.00921131
FixedParameters: 0 0 0

#Transform 49
Transform: AffineTransform_float_3_3
Parameters: 0.999999 -0.000217496 -0.00128792 0.000217505 1 -0.00038428 0.00128808 0.00038472 0.999999 -0.387083 -0.337271 0.0692235
FixedParameters: 0 0 0

#Transform 50
Transform: AffineTransform_float_3_3
Parameters: 0.999999 -0.000216927 -0.00124801 0.000217072 1 5.77291e-05 0.00124799 -5.82708e-05 0.999999 -0.391051 -0.249305 -0.0638733
FixedParameters: 0 0 0

#Transform 51
Transform: AffineTransform_float_3_3
Parameters: 0.999999 0.000390141 -0.00147523 -0.000390858 1 -0.000581424 0.00147477 0.000582576 0.999998 -0.216132 -0.109283 0.0861809
FixedParameters: 0 0 0

#Transform 52
Transform: AffineTransform_float_3_3
Parameters: 0.999999 0.000259263 -0.00130415 -0.000259736 1 -0.000564662 0.00130385 0.000565338 0.999999 -0.240798 -0.198571 0.139095
FixedParameters: 0 0 0

#Transform 53
Transform: AffineTransform_float_3_3
Parameters: 0.999999 0.000435427 -0.00130419 -0.000435573 1 -0.000439432 0.00130381 0.000439568 0.999999 -0.206963 -0.0506563 0.0527946
FixedParameters: 0 0 0

#Transform 54
Transform: AffineTransform_float_3_3
Parameters: 0.999998 0.00062186 -0.00158545 -0.000623138 0.999999 -0.000718012 0.00158455 0.000718986 0.999998 -0.188558 -0.0815784 0.0792958
FixedParameters: 0 0 0

#Transform 55
Transform: AffineTransform_float_3_3
Parameters: 0.999998 0.00111124 -0.00174249 -0.00111176 1 -0.000438064 0.00174151 0.000439936 0.999999 -0.0420629 0.051131 -0.030613
FixedParameters: 0 0 0

#Transform 56
Transform: AffineTransform_float_3_3
Parameters: 0.999997 0.00160253 -0.00194321 -0.00160347 0.999999 -0.000755887 0.00194279 0.000759116 0.999998 0.0706078 0.247611 0.0278792
FixedParameters: 0 0 0

#Transform 57
Transform: AffineTransform_float_3_3
Parameters: 0.999992 0.00315381 -0.00214281 -0.00315219 0.999995 0.000381757 0.00214419 -0.00037524 0.999997 0.57469 0.790828 -0.496909
FixedParameters: 0 0 0

#Transform 58
Transform: AffineTransform_float_3_3
Parameters: 0.999995 0.00265138 -0.00208778 -0.00265162 0.999997 -0.000292466 0.00208722 0.000298536 0.999998 0.424414 0.564839 -0.220404
FixedParameters: 0 0 0

#Transform 59
Transform: AffineTransform_float_3_3
Parameters: 0.999993 0.0028273 -0.00219919 -0.0028297 0.999995 -0.000769782 0.00219681 0.000776216 0.999998 0.45648 0.628808 -0.0769423
FixedParameters: 0 0 0

#Transform 60
Transform: AffineTransform_float_3_3
Parameters: 0.999995 0.00236984 -0.00212718 -0.00237017 0.999997 -7.49586e-05 0.00212682 8.00406e-05 0.999997 0.315984 0.480393 -0.307125
FixedParameters: 0 0 0

#Transform 61
Transform: AffineTransform_float_3_3
Parameters: 0.999995 0.0024262 -0.00228585 -0.0024268 0.999997 -0.000348455 0.00228515 0.000353546 0.999998 0.290574 0.617766 -0.305604
FixedParameters: 0 0 0

#Transform 62
Transform: AffineTransform_float_3_3
Parameters: 0.999995 0.00224467 -0.00195438 -0.00224533 0.999997 -0.000167612 0.00195362 0.000172386 0.999998 0.302488 0.43672 -0.246185
FixedParameters: 0 0 0

#Transform 63
Transform: AffineTransform_float_3_3
Parameters: 0.999994 0.00242748 -0.00256154 -0.00242652 0.999997 0.000191217 0.00256146 -0.000185783 0.999996 0.231415 0.654984 -0.57878
FixedParameters: 0 0 0

#Transform 64
Transform: AffineTransform_float_3_3
Parameters: 0.999996 0.00209343 -0.00221259 -0.00209257 0.999998 0.000196631 0.00221241 -0.000192369 0.999997 0.159212 0.511636 -0.476494
FixedParameters: 0 0 0

#Transform 65
Transform: AffineTransform_float_3_3
Parameters: 0.999995 0.00202647 -0.00233059 -0.00202553 0.999998 0.000204722 0.00233041 -0.000200278 0.999998 0.124793 0.479766 -0.513652
FixedParameters: 0 0 0

#Transform 66
Transform: AffineTransform_float_3_3
Parameters: 0.999994 0.00207744 -0.00256083 -0.00207656 0.999997 0.000564321 0.00256117 -0.000558683 0.999997 0.080308 0.61281 -0.715139
FixedParameters: 0 0 0

#Transform 67
Transform: AffineTransform_float_3_3
Parameters: 0.999995 0.00211124 -0.00256016 -0.00210877 0.999998 0.000875404 0.00256184 -0.000870597 0.999997 0.077838 0.642441 -0.848309
FixedParameters: 0 0 0

#Transform 68
Transform: AffineTransform_float_3_3
Parameters: 0.999995 0.00218061 -0.00255978 -0.00217739 0.999997 0.00102258 0.00256122 -0.00101742 0.999996 0.122274 0.661553 -0.89264
FixedParameters: 0 0 0

#Transform 69
Transform: AffineTransform_float_3_3
Parameters: 0.999994 0.0022411 -0.00241605 -0.0022389 0.999997 0.000870414 0.00241794 -0.000864586 0.999996 0.15812 0.710172 -0.798632
FixedParameters: 0 0 0

#Transform 70
Transform: AffineTransform_float_3_3
Parameters: 0.999994 0.00236346 -0.00255973 -0.00236054 0.999996 0.000965048 0.00256127 -0.000958952 0.999997 0.17873 0.72499 -0.870043
FixedParameters: 0 0 0

#Transform 71
Transform: AffineTransform_float_3_3
Parameters: 0.999994 0.0024302 -0.00251592 -0.0024268 0.999996 0.00127311 0.00251908 -0.00126689 0.999996 0.213292 0.794862 -0.991186
FixedParameters: 0 0 0

#Transform 72
Transform: AffineTransform_float_3_3
Parameters: 0.999994 0.00242938 -0.00221438 -0.00242661 0.999997 0.00107938 0.00221661 -0.00107362 0.999997 0.27264 0.757291 -0.80096
FixedParameters: 0 0 0

#Transform 73
Transform: AffineTransform_float_3_3
Parameters: 0.999994 0.0024295 -0.00220425 -0.0024265 0.999997 0.00113536 0.00220675 -0.00112965 0.999997 0.269739 0.793473 -0.831311
FixedParameters: 0 0 0

#Transform 74
Transform: AffineTransform_float_3_3
Parameters: 0.999993 0.00258779 -0.00241702 -0.00258521 0.999996 0.00115526 0.00241998 -0.00114875 0.999997 0.287431 0.820102 -0.889375
FixedParameters: 0 0 0

#Transform 75
Transform: AffineTransform_float_3_3
Parameters: 0.999994 0.00243025 -0.00252688 -0.00242675 0.999996 0.00128914 0.00253012 -0.00128286 0.999996 0.212748 0.736166 -0.951336
FixedParameters: 0 0 0

#Transform 76
Transform: AffineTransform_float_3_3
Parameters: 0.999994 0.00270034 -0.00222416 -0.00269766 0.999996 0.00105401 0.00222684 -0.00104899 0.999997 0.36179 0.871943 -0.782759
FixedParameters: 0 0 0

#Transform 77
Transform: AffineTransform_float_3_3
Parameters: 0.999992 0.00267182 -0.00275129 -0.00266718 0.999996 0.00139235 0.00275571 -0.00138465 0.999995 0.251382 0.875507 -1.06741
FixedParameters: 0 0 0

#Transform 78
Transform: AffineTransform_float_3_3
Parameters: 0.999994 0.00242956 -0.00246948 -0.00242643 0.999996 0.001041 0.00247252 -0.001035 0.999997 0.201801 0.711644 -0.842374
FixedParameters: 0 0 0

#Transform 79
Transform: AffineTransform_float_3_3
Parameters: 0.999993 0.00267502 -0.00242367 -0.00267198 0.999995 0.00124848 0.00242633 -0.00124152 0.999997 0.274131 0.88267 -0.929003
FixedParameters: 0 0 0

#Transform 80
Transform: AffineTransform_float_3_3
Parameters: 0.999993 0.00254588 -0.00279647 -0.00254211 0.999996 0.00139212 0.00279953 -0.00138488 0.999995 0.154161 0.831273 -1.08685
FixedParameters: 0 0 0

#Transform 81
Transform: AffineTransform_float_3_3
Parameters: 0.999994 0.00243222 -0.00266625 -0.00242678 0.999995 0.00195948 0.00267075 -0.00195352 0.999994 0.123703 0.894732 -1.28657
FixedParameters: 0 0 0

#Transform 82
Transform: AffineTransform_float_3_3
Parameters: 0.999993 0.00267071 -0.00266829 -0.00266829 0.999996 0.00102013 0.00267071 -0.00101287 0.999996 0.223141 0.838625 -0.909087
FixedParameters: 0 0 0

#Transform 83
Transform: AffineTransform_float_3_3
Parameters: 0.999994 0.00242973 -0.00269154 -0.00242627 0.999997 0.00101654 0.00269446 -0.00101046 0.999996 0.112509 0.760734 -0.931995
FixedParameters: 0 0 0

#Transform 84
Transform: AffineTransform_float_3_3
Parameters: 0.999992 0.00270132 -0.00271369 -0.00269867 0.999995 0.00122833 0.0027163 -0.00122067 0.999995 0.274432 0.807573 -0.950145
FixedParameters: 0 0 0

#Transform 85
Transform: AffineTransform_float_3_3
Parameters: 0.999987 0.00302966 -0.0039847 -0.00302434 0.999995 0.00142607 0.0039883 -0.00141394 0.999991 0.217091 0.941986 -1.28628
FixedParameters: 0 0 0

#Transform 86
Transform: AffineTransform_float_3_3
Parameters: 0.999988 0.00317105 -0.00378077 -0.00316595 0.999994 0.00134199 0.00378423 -0.00133002 0.999992 0.304832 0.918208 -1.16832
FixedParameters: 0 0 0

#Transform 87
Transform: AffineTransform_float_3_3
Parameters: 0.999992 0.00295371 -0.00263373 -0.0029483 0.999994 0.00178878 0.00263827 -0.00178122 0.999995 0.506668 0.907776 -1.03753
FixedParameters: 0 0 0

#Transform 88
Transform: AffineTransform_float_3_3
Parameters: 0.999987 0.00360167 -0.00359934 -0.00359934 0.999993 0.000746965 0.00360167 -0.000734038 0.999993 0.695761 1.04931 -0.873026
FixedParameters: 0 0 0

#Transform 89
Transform: AffineTransform_float_3_3
Parameters: 0.999986 0.00370167 -0.00359412 -0.00369333 0.999991 0.0021383 0.00360188 -0.0021247 0.999992 0.641379 1.23963 -1.42588
FixedParameters: 0 0 0

#Transform 90
Transform: AffineTransform_float_3_3
Parameters: 0.999986 0.00382829 -0.00359531 -0.00382271 0.999991 0.00175477 0.00360169 -0.00174124 0.999992 0.668627 1.24729 -1.28913
FixedParameters: 0 0 0

#Transform 91
Transform: AffineTransform_float_3_3
Parameters: 0.999986 0.00382848 -0.00381953 -0.00381853 0.999989 0.00274562 0.00382947 -0.00273138 0.999989 0.609779 1.38333 -1.75935
FixedParameters: 0 0 0

#Transform 92
Transform: AffineTransform_float_3_3
Parameters: 0.999986 0.00379329 -0.00386894 -0.00378372 0.99999 0.00266268 0.00387906 -0.00264833 0.999989 0.586313 1.35824 -1.7424
FixedParameters: 0 0 0

#Transform 93
Transform: AffineTransform_float_3_3
Parameters: 0.999986 0.00374332 -0.00389503 -0.00373569 0.99999 0.00213958 0.00390298 -0.00212542 0.99999 0.540399 1.27194 -1.5456
FixedParameters: 0 0 0

#Transform 94
Transform: AffineTransform_float_3_3
Parameters: 0.999985 0.00389703 -0.00400029 -0.00388597 0.999988 0.00276059 0.00401072 -0.00274541 0.999988 0.565468 1.42351 -1.82565
FixedParameters: 0 0 0

#Transform 95
Transform: AffineTransform_float_3_3
Parameters: 0.999983 0.00426309 -0.00399816 -0.00425092 0.999987 0.00302605 0.00401085 -0.00300896 0.999988 0.731925 1.53404 -1.90615
FixedParameters: 0 0 0

#Transform 96
Transform: AffineTransform_float_3_3
Parameters: 0.999985 0.0039312 -0.00399807 -0.00391781 0.999987 0.00330271 0.00401093 -0.00328728 0.999986 0.592126 1.50044 -2.00329
FixedParameters: 0 0 0

#Transform 97
Transform: AffineTransform_float_3_3
Parameters: 0.999983 0.00417651 -0.0040461 -0.00416348 0.999985 0.0033429 0.00405991 -0.0033261 0.999986 0.67051 1.61106 -2.06829
FixedParameters: 0 0 0

#Transform 98
Transform: AffineTransform_float_3_3
Parameters: 0.999983 0.00426393 -0.00403337 -0.00425107 0.999986 0.0032092 0.00404663 -0.0031928 0.999986 0.705195 1.59063 -2.00469
FixedParameters: 0 0 0

#Transform 99
Transform: AffineTransform_float_3_3
Parameters: 0.999983 0.00410492 -0.00395655 -0.00408908 0.999983 0.00402424 0.00397246 -0.00400876 0.999984 0.662088 1.66852 -2.31704
FixedParameters: 0 0 0

#Transform 100
Transform: AffineTransform_float_3_3
Parameters: 0.999983 0.00445578 -0.00392655 -0.00444222 0.999985 0.0032575 0.00394146 -0.00324049 0.999987 0.792347 1.71054 -2.01204
FixedParameters: 0 0 0

#Transform 101
Transform: AffineTransform_float_3_3
Parameters: 0.999982 0.00432141 -0.00421026 -0.00430758 0.999985 0.0034262 0.00422574 -0.0034078 0.999986 0.675154 1.64331 -2.13917
FixedParameters: 0 0 0

#Transform 102
Transform: AffineTransform_float_3_3
Parameters: 0.999984 0.00388096 -0.00405478 -0.00386504 0.999985 0.00393673 0.00407022 -0.00392026 0.999984 0.499505 1.58547 -2.28721
FixedParameters: 0 0 0

#Transform 103
Transform: AffineTransform_float_3_3
Parameters: 0.999983 0.00427104 -0.00398005 -0.00425796 0.999985 0.003279 0.00399395 -0.00326199 0.999986 0.662417 1.59876 -1.98683
FixedParameters: 0 0 0

#Transform 104
Transform: AffineTransform_float_3_3
Parameters: 0.999981 0.00426983 -0.00446973 -0.00425817 0.999988 0.00265308 0.00448127 -0.00263392 0.999986 0.584925 1.48712 -1.8598
FixedParameters: 0 0 0

#Transform 105
Transform: AffineTransform_float_3_3
Parameters: 0.999982 0.00429107 -0.00405019 -0.00427792 0.999985 0.00323038 0.0040648 -0.00321261 0.999986 0.681294 1.55952 -1.93818
FixedParameters: 0 0 0

#Transform 106
Transform: AffineTransform_float_3_3
Parameters: 0.99998 0.00470069 -0.00421367 -0.00468631 0.999983 0.00348982 0.00423033 -0.00346918 0.999985 0.792623 1.78704 -2.11057
FixedParameters: 0 0 0

#Transform 107
Transform: AffineTransform_float_3_3
Parameters: 0.999983 0.00429164 -0.0040917 -0.00427737 0.999985 0.00357957 0.0041063 -0.00356244 0.999985 0.681754 1.64424 -2.11895
FixedParameters: 0 0 0

#Transform 108
Transform: AffineTransform_float_3_3
Parameters: 0.999983 0.00424752 -0.00383808 -0.00423347 0.999985 0.00352531 0.00385291 -0.00350869 0.999987 0.707868 1.60494 -2.01803
FixedParameters: 0 0 0

#Transform 109
Transform: AffineTransform_float_3_3
Parameters: 0.999983 0.00418451 -0.0042317 -0.0041695 0.999986 0.00343171 0.0042453 -0.0034143 0.999985 0.612091 1.6132 -2.09685
FixedParameters: 0 0 0

#Transform 110
Transform: AffineTransform_float_3_3
Parameters: 0.999983 0.00402977 -0.0042602 -0.00401223 0.999984 0.00393716 0.00427579 -0.00391984 0.999983 0.525668 1.63848 -2.29531
FixedParameters: 0 0 0

#Transform 111
Transform: AffineTransform_float_3_3
Parameters: 0.999979 0.00459328 -0.00461689 -0.00457471 0.999981 0.00417921 0.00463611 -0.00415779 0.99998 0.666018 1.84504 -2.49245
FixedParameters: 0 0 0

#Transform 112
Transform: AffineTransform_float_3_3
Parameters: 0.999979 0.00427707 -0.00491789 -0.00425493 0.999981 0.00448902 0.0049361 -0.00446798 0.999978 0.479718 1.80639 -2.67272
FixedParameters: 0 0 0

#Transform 113
Transform: AffineTransform_float_3_3
Parameters: 0.999981 0.00429627 -0.00456487 -0.00427773 0.999983 0.0040046 0.00458213 -0.00398539 0.999981 0.532067 1.75405 -2.38722
FixedParameters: 0 0 0

#Transform 114
Transform: AffineTransform_float_3_3
Parameters: 0.999978 0.00470348 -0.004553 -0.00468651 0.999981 0.00384442 0.004571 -0.00382258 0.999982 0.701846 1.80919 -2.31523
FixedParameters: 0 0 0

#Transform 115
Transform: AffineTransform_float_3_3
Parameters: 0.999981 0.00431046 -0.00455881 -0.00428954 0.999979 0.00470564 0.00457919 -0.00468635 0.999978 0.547961 1.85417 -2.69823
FixedParameters: 0 0 0

#Transform 116
Transform: AffineTransform_float_3_3
Parameters: 0.999978 0.00453143 -0.00486227 -0.00450857 0.999978 0.00481903 0.00488373 -0.00479697 0.999976 0.578988 1.93196 -2.82809
FixedParameters: 0 0 0

#Transform 117
Transform: AffineTransform_float_3_3
Parameters: 0.999979 0.0045444 -0.00457587 -0.00452059 0.999976 0.00511279 0.00459912 -0.0050912 0.999976 0.643712 1.95494 -2.83661
FixedParameters: 0 0 0

#Transform 118
Transform: AffineTransform_float_3_3
Parameters: 0.99998 0.0045513 -0.00452065 -0.00452869 0.999977 0.00493257 0.00454334 -0.00491142 0.999977 0.662587 1.98601 -2.74858
FixedParameters: 0 0 0

#Transform 119
Transform: AffineTransform_float_3_3
Parameters: 0.999979 0.00438469 -0.00481253 -0.00436031 0.999979 0.00492109 0.00483447 -0.00489991 0.999977 0.543429 1.88457 -2.80571
FixedParameters: 0 0 0

#Transform 120
Transform: AffineTransform_float_3_3
Parameters: 0.99998 0.00439699 -0.00450974 -0.00437301 0.999977 0.00531483 0.00453326 -0.00529517 0.999975 0.59016 1.91625 -2.85632
FixedParameters: 0 0 0

#Transform 121
Transform: AffineTransform_float_3_3
Parameters: 0.999976 0.00491854 -0.0047457 -0.00489346 0.999974 0.00516834 0.0047713 -0.00514565 0.999976 0.72035 2.13174 -2.91706
FixedParameters: 0 0 0

#Transform 122
Transform: AffineTransform_float_3_3
Parameters: 0.999975 0.0049462 -0.00507873 -0.0049168 0.999972 0.00574512 0.00510727 -0.00571988 0.99997 0.663969 2.17799 -3.21475
FixedParameters: 0 0 0

#Transform 123
Transform: AffineTransform_float_3_3
Parameters: 0.999978 0.00472333 -0.00469564 -0.00469866 0.999975 0.00518017 0.00471935 -0.00515782 0.999975 0.646576 2.02999 -2.88127
FixedParameters: 0 0 0

#Transform 124
Transform: AffineTransform_float_3_3
Parameters: 0.999975 0.0051676 -0.00472649 -0.0051454 0.999977 0.00457043 0.00475051 -0.00454657 0.999979 0.816391 2.09388 -2.6737
FixedParameters: 0 0 0

#Transform 125
Transform: AffineTransform_float_3_3
Parameters: 0.999983 0.00447886 -0.00353675 -0.00446113 0.999978 0.00476186 0.00355825 -0.00474614 0.999983 0.811231 1.84146 -2.38915
FixedParameters: 0 0 0

#Transform 126
Transform: AffineTransform_float_3_3
Parameters: 0.999993 0.00373683 -0.00119924 -0.00373418 0.999991 0.0023485 0.00120777 -0.0023445 0.999996 1.04008 1.22446 -0.604349
FixedParameters: 0 0 0

#Transform 127
Transform: AffineTransform_float_3_3
Parameters: 0.999986 0.0047857 -0.00202053 -0.00478028 0.999984 0.0028217 0.00203447 -0.0028113 0.999994 1.31643 1.7201 -0.943116
FixedParameters: 0 0 0

#Transform 128
Transform: AffineTransform_float_3_3
Parameters: 0.999986 0.00488147 -0.00202255 -0.00487053 0.999973 0.00563493 0.00205045 -0.00562507 0.999982 1.29098 2.20755 -2.01794
FixedParameters: 0 0 0

#Transform 129
Transform: AffineTransform_float_3_3
Parameters: 0.999984 0.00484529 -0.00271916 -0.0048297 0.99997 0.00596823 0.00274784 -0.00595478 0.999979 1.13144 2.22938 -2.37318
FixedParameters: 0 0 0

#Transform 130
Transform: AffineTransform_float_3_3
Parameters: 0.999984 0.00506209 -0.0025493 -0.00504591 0.999967 0.00627896 0.0025807 -0.00626603 0.999977 1.24152 2.40958 -2.45831
FixedParameters: 0 0 0

#Transform 131
Transform: AffineTransform_float_3_3
Parameters: 0.999982 0.00512714 -0.00317107 -0.00510686 0.999965 0.00663831 0.00320493 -0.00662169 0.999973 1.13066 2.4365 -2.77189
FixedParameters: 0 0 0

#Transform 132
Transform: AffineTransform_float_3_3
Parameters: 0.999979 0.0053829 -0.00344952 -0.00536009 0.999964 0.00661362 0.00348548 -0.00659537 0.999972 1.14484 2.54241 -2.86223
FixedParameters: 0 0 0

#Transform 133
Transform: AffineTransform_float_3_3
Parameters: 0.999973 0.00643375 -0.00375321 -0.00640826 0.999956 0.00683124 0.00379679 -0.00680676 0.999969 1.5015 2.83653 -3.02773
FixedParameters: 0 0 0

#Transform 134
Transform: AffineTransform_float_3_3
Parameters: 0.999972 0.00633924 -0.00411074 -0.00630977 0.999954 0.00732715 0.00415626 -0.00730086 0.999964 1.407 2.93264 -3.34299
FixedParameters: 0 0 0

#Transform 135
Transform: AffineTransform_float_3_3
Parameters: 0.999972 0.00632028 -0.0038813 -0.00629271 0.999954 0.00725862 0.0039267 -0.00723338 0.999966 1.43896 2.90123 -3.24827
FixedParameters: 0 0 0

#Transform 136
Transform: AffineTransform_float_3_3
Parameters: 0.999969 0.00654166 -0.00426685 -0.00651034 0.999952 0.007391 0.00431514 -0.007363 0.999963 1.44355 3.00274 -3.37092
FixedParameters: 0 0 0

#Transform 137
Transform: AffineTransform_float_3_3
Parameters: 0.999968 0.00698923 -0.00375238 -0.00696378 0.999954 0.00669434 0.00379861 -0.00666866 0.99997 1.72855 3.01269 -2.96662
FixedParameters: 0 0 0

#Transform 138
Transform: AffineTransform_float_3_3
Parameters: 0.999967 0.0070075 -0.00413137 -0.00697851 0.999951 0.00711107 0.00418063 -0.00708194 0.999966 1.68999 3.08937 -3.26251
FixedParameters: 0 0 0

#Transform 139
Transform: AffineTransform_float_3_3
Parameters: 0.999968 0.00695823 -0.00379328 -0.00693177 0.999953 0.00688451 0.00384072 -0.00685749 0.999969 1.7029 3.03632 -3.09258
FixedParameters: 0 0 0

#Transform 140
Transform: AffineTransform_float_3_3
Parameters: 0.999968 0.0071971 -0.003666 -0.0071739 0.999954 0.0062755 0.003711 -0.00624949 0.999973 1.81318 2.98362 -2.80024
FixedParameters: 0 0 0

#Transform 141
Transform: AffineTransform_float_3_3
Parameters: 0.999968 0.00703306 -0.00380201 -0.00700794 0.999954 0.00656485 0.003848 -0.00653815 0.999971 1.73337 3.00242 -2.97743
FixedParameters: 0 0 0

#Transform 142
Transform: AffineTransform_float_3_3
Parameters: 0.999961 0.00802646 -0.00362651 -0.00800254 0.999948 0.00643827 0.00367848 -0.00640872 0.999972 2.14073 3.26954 -2.88648
FixedParameters: 0 0 0

#Transform 143
Transform: AffineTransform_float_3_3
Parameters: 0.999962 0.00776546 -0.00395446 -0.00773854 0.999948 0.00666385 0.00400554 -0.00663315 0.99997 1.98724 3.25707 -3.07516
FixedParameters: 0 0 0

#Transform 144
Transform: AffineTransform_float_3_3
Parameters: 0.999972 0.00667558 -0.00342831 -0.00665443 0.999958 0.00626699 0.00346969 -0.00624401 0.999974 1.64667 2.8446 -2.77935
FixedParameters: 0 0 0

#Transform 145
Transform: AffineTransform_float_3_3
Parameters: 0.999965 0.00721761 -0.0042076 -0.00718739 0.999949 0.00701148 0.00425738 -0.00698051 0.999966 1.69679 3.12696 -3.24921
FixedParameters: 0 0 0

#Transform 146
Transform: AffineTransform_float_3_3
Parameters: 0.999967 0.00708454 -0.00393989 -0.00705746 0.999951 0.00696003 0.00398912 -0.00693197 0.999968 1.6881 3.08257 -3.18548
FixedParameters: 0 0 0

#Transform 147
Transform: AffineTransform_float_3_3
Parameters: 0.999965 0.00748553 -0.00388036 -0.00745848 0.999948 0.00706019 0.00393265 -0.00703081 0.999967 1.86791 3.24085 -3.23266
FixedParameters: 0 0 0

#Transform 148
Transform: AffineTransform_float_3_3
Parameters: 0.999959 0.00816647 -0.00387968 -0.00813853 0.999942 0.00704586 0.0039363 -0.00701314 0.999967 2.13678 3.43331 -3.186
FixedParameters: 0 0 0

#Transform 149
Transform: AffineTransform_float_3_3
Parameters: 0.999958 0.00842026 -0.00377192 -0.00839374 0.999941 0.00692395 0.00383008 -0.00689204 0.999969 2.24584 3.51591 -3.1514
FixedParameters: 0 0 0

#Transform 150
Transform: AffineTransform_float_3_3
Parameters: 0.999957 0.00823144 -0.00409738 -0.00820155 0.999941 0.00715091 0.00415662 -0.00711708 0.999966 2.12987 3.45941 -3.30758
FixedParameters: 0 0 0

#Transform 151
Transform: AffineTransform_float_3_3
Parameters: 0.999957 0.00811761 -0.00435776 -0.00808537 0.999939 0.00745255 0.00441823 -0.00741644 0.999962 2.01432 3.45786 -3.47849
FixedParameters: 0 0 0

#Transform 152
Transform: AffineTransform_float_3_3
Parameters: 0.999956 0.0083405 -0.00426386 -0.0083105 0.99994 0.00712074 0.00432314 -0.00708525 0.999965 2.10394 3.52116 -3.33003
FixedParameters: 0 0 0

#Transform 153
Transform: AffineTransform_float_3_3
Parameters: 0.999956 0.00832046 -0.00438886 -0.00828853 0.99994 0.00713969 0.00444813 -0.0071023 0.999965 2.06013 3.46834 -3.3394
FixedParameters: 0 0 0

#Transform 154
Transform: AffineTransform_float_3_3
Parameters: 0.999954 0.0085862 -0.00426989 -0.00855281 0.999934 0.00773288 0.00433611 -0.00769613 0.999961 2.19309 3.63662 -3.5459
FixedParameters: 0 0 0

#Transform 155
Transform: AffineTransform_float_3_3
Parameters: 0.999956 0.00854537 -0.00381752 -0.00851863 0.99994 0.00687082 0.00387648 -0.00683718 0.999969 2.25614 3.51937 -3.10714
FixedParameters: 0 0 0

#Transform 156
Transform: AffineTransform_float_3_3
Parameters: 0.999956 0.00864181 -0.00382116 -0.0086162 0.999941 0.00671923 0.00387884 -0.00668578 0.99997 2.29631 3.53147 -3.04146
FixedParameters: 0 0 0

#Transform 157
Transform: AffineTransform_float_3_3
Parameters: 0.999957 0.00842436 -0.00389625 -0.00839663 0.999938 0.00724003 0.00395676 -0.00720698 0.999966 2.21927 3.51956 -3.25115
FixedParameters: 0 0 0

#Transform 158
Transform: AffineTransform_float_3_3
Parameters: 0.999962 0.00786672 -0.00389964 -0.00783528 0.999938 0.00783085 0.00396136 -0.00780013 0.999961 2.00806 3.46432 -3.49129
FixedParameters: 0 0 0

#Transform 159
Transform: AffineTransform_float_3_3
Parameters: 0.99996 0.00810952 -0.00360714 -0.00808447 0.999942 0.00703643 0.00366386 -0.00700756 0.999968 2.17101 3.4099 -3.0778
FixedParameters: 0 0 0

#Transform 160
Transform: AffineTransform_float_3_3
Parameters: 0.999956 0.00838705 -0.00406049 -0.00835694 0.999938 0.00736325 0.0041215 -0.00732875 0.999964 2.18173 3.55295 -3.35764
FixedParameters: 0 0 0

#Transform 161
Transform: AffineTransform_float_3_3
Parameters: 0.99996 0.00810869 -0.00373777 -0.00808331 0.999944 0.00683748 0.00379324 -0.00680751 0.999969 2.1409 3.37443 -3.03959
FixedParameters: 0 0 0

#Transform 162
Transform: AffineTransform_float_3_3
Parameters: 0.999959 0.00839867 -0.00355966 -0.00837534 0.999943 0.00661309 0.00361434 -0.00658292 0.999972 2.29975 3.4282 -2.9051
FixedParameters: 0 0 0

#Transform 163
Transform: AffineTransform_float_3_3
Parameters: 0.999959 0.00800374 -0.00408656 -0.00798426 0.999957 0.00482483 0.00412544 -0.00479218 0.99998 2.05047 3.0563 -2.43352
FixedParameters: 0 0 0

#Transform 164
Transform: AffineTransform_float_3_3
Parameters: 0.99996 0.00798254 -0.00390226 -0.00796345 0.999956 0.00499927 0.00394173 -0.00496773 0.99998 2.07346 3.00344 -2.41748
FixedParameters: 0 0 0

#Transform 165
Transform: AffineTransform_float_3_3
Parameters: 0.999959 0.00803913 -0.00429041 -0.00801389 0.99995 0.00607164 0.00433861 -0.00603738 0.999973 1.99447 3.21898 -2.94345
FixedParameters: 0 0 0

#Transform 166
Transform: AffineTransform_float_3_3
Parameters: 0.999964 0.00788611 -0.00292675 -0.0078649 0.999944 0.00715328 0.00298325 -0.00713073 0.99997 2.15208 3.398 -2.96538
FixedParameters: 0 0 0

#Transform 167
Transform: AffineTransform_float_3_3
Parameters: 0.999959 0.00827884 -0.00385669 -0.00825017 0.999939 0.00743413 0.00391831 -0.00740187 0.999965 2.12413 3.56813 -3.3187
FixedParameters: 0 0 0

#Transform 168
Transform: AffineTransform_float_3_3
Parameters: 0.999959 0.00823905 -0.00374403 -0.00821194 0.99994 0.00718404 0.00380297 -0.00715296 0.999967 2.13152 3.48789 -3.21581
FixedParameters: 0 0 0

#Transform 169
Transform: AffineTransform_float_3_3
Parameters: 0.99996 0.00811207 -0.00377537 -0.00808492 0.999942 0.00713181 0.00383364 -0.00710119 0.999968 2.08846 3.42975 -3.17652
FixedParameters: 0 0 0

#Transform 170
Transform: AffineTransform_float_3_3
Parameters: 0.999954 0.00853645 -0.00422097 -0.00850655 0.999938 0.00718023 0.00428203 -0.00714377 0.999966 2.14642 3.59054 -3.30383
FixedParameters: 0 0 0

#Transform 171
Transform: AffineTransform_float_3_3
Parameters: 0.999956 0.0085158 -0.0040744 -0.0084882 0.999941 0.00679188 0.00413259 -0.00675611 0.999968 2.18093 3.49014 -3.10307
FixedParameters: 0 0 0

#Transform 172
Transform: AffineTransform_float_3_3
Parameters: 0.999978 0.00622081 -0.00250769 -0.00620419 0.999958 0.0066577 0.00254932 -0.00664229 0.999974 1.64494 2.68533 -2.48762
FixedParameters: 0 0 0

#Transform 173
Transform: AffineTransform_float_3_3
Parameters: 0.999961 0.00810792 -0.00349168 -0.00809008 0.999954 0.00511645 0.00353333 -0.00508855 0.999981 2.20443 3.12814 -2.19121
FixedParameters: 0 0 0

#Transform 174
Transform: AffineTransform_float_3_3
Parameters: 0.99997 0.00729422 -0.00287368 -0.00727778 0.999956 0.0059571 0.00291733 -0.0059359 0.999978 2.02644 2.90724 -2.32485
FixedParameters: 0 0 0

#Transform 175
Transform: AffineTransform_float_3_3
Parameters: 0.999974 0.00689669 -0.0020749 -0.00688931 0.999971 0.00321338 0.0020971 -0.00319862 0.999992 2.04003 2.41381 -1.08033
FixedParameters: 0 0 0

#Transform 176
Transform: AffineTransform_float_3_3
Parameters: 0.999975 0.0068766 -0.00124121 -0.0068764 0.999977 -0.000316473 0.0012388 0.000324527 0.999999 2.19455 1.71152 0.585529
FixedParameters: 0 0 0

#Transform 177
Transform: AffineTransform_float_3_3
Parameters: 0.999975 0.00692575 -0.0014454 -0.00692525 0.999976 0.000525023 0.0014486 -0.00051498 0.999999 2.14931 1.84177 0.166811
FixedParameters: 0 0 0

#Transform 178
Transform: AffineTransform_float_3_3
Parameters: 0.999972 0.00725484 -0.00184772 -0.00725416 0.999973 0.000459416 0.00185129 -0.000446582 0.999998 2.19309 2.00231 0.059117
FixedParameters: 0 0 0

#Transform 179
Transform: AffineTransform_float_3_3
Parameters: 0.999975 0.00691861 -0.00157695 -0.00691738 0.999975 0.00102493 0.00158405 -0.00101407 0.999998 2.09891 1.97478 -0.106335
FixedParameters: 0 0 0

#Transform 180
Transform: AffineTransform_float_3_3
Parameters: 0.999977 0.00638641 -0.00197279 -0.00638259 0.999977 0.00223164 0.00198721 -0.00221936 0.999995 1.83246 1.98354 -0.72094
FixedParameters: 0 0 0

#Transform 181
Transform: AffineTransform_float_3_3
Parameters: 0.999974 0.0070736 -0.00180486 -0.00707041 0.999974 0.0014398 0.00181514 -0.0014272 0.999998 2.12977 2.12907 -0.354558
FixedParameters: 0 0 0

#Transform 182
Transform: AffineTransform_float_3_3
Parameters: 0.999975 0.0066779 -0.00226073 -0.0066711 0.999973 0.00304516 0.00228127 -0.00302984 0.999993 1.87608 2.22933 -1.07742
FixedParameters: 0 0 0

#Transform 183
Transform: AffineTransform_float_3_3
Parameters: 0.999973 0.00681958 -0.00252257 -0.00680941 0.999968 0.00418029 0.00255143 -0.00416271 0.999988 1.87744 2.47014 -1.61616
FixedParameters: 0 0 0

#Transform 184
Transform: AffineTransform_float_3_3
Parameters: 0.999965 0.00795159 -0.00283547 -0.0079414 0.999961 0.00372765 0.00286554 -0.00370534 0.999989 2.242 2.79447 -1.57232
FixedParameters: 0 0 0

#Transform 185
Transform: AffineTransform_float_3_3
Parameters: 0.999959 0.00844617 -0.00306264 -0.00843382 0.999956 0.00396599 0.00309636 -0.00394001 0.999988 2.37141 2.93019 -1.67335
FixedParameters: 0 0 0

#Transform 186
Transform: AffineTransform_float_3_3
Parameters: 0.999957 0.00876105 -0.00284512 -0.00874795 0.999952 0.00456708 0.00288487 -0.00454192 0.999985 2.54231 3.10962 -1.80653
FixedParameters: 0 0 0

#Transform 187
Transform: AffineTransform_float_3_3
Parameters: 0.999953 0.00923186 -0.0028865 -0.00922115 0.999951 0.00375279 0.0029215 -0.0037252 0.999989 2.69907 3.17806 -1.5546
FixedParameters: 0 0 0

#Transform 188
Transform: AffineTransform_float_3_3
Parameters: 0.999949 0.00959981 -0.00294252 -0.00958718 0.999944 0.00433743 0.00298448 -0.00430957 0.999987 2.82333 3.33933 -1.74424
FixedParameters: 0 0 0

#Transform 189
Transform: AffineTransform_float_3_3
Parameters: 0.999951 0.00943946 -0.00299371 -0.00942455 0.999943 0.00513447 0.0030423 -0.00510654 0.999983 2.73515 3.39784 -2.07166
FixedParameters: 0 0 0

#Transform 190
Transform: AffineTransform_float_3_3
Parameters: 0.99995 0.00944899 -0.00325378 -0.00943401 0.999945 0.00459293 0.00329722 -0.00456207 0.999984 2.70512 3.35372 -1.95899
FixedParameters: 0 0 0

#Transform 191
Transform: AffineTransform_float_3_3
Parameters: 0.999946 0.00994692 -0.00317346 -0.00993008 0.999936 0.0053028 0.00322655 -0.00527119 0.999981 2.91216 3.56938 -2.22164
FixedParameters: 0 0 0

