#Insight Transform File V1.0
#Transform 0
Transform: AffineTransform_float_3_3
Parameters: 0.999999 -0.00137518 0.00107823 0.00137282 0.999997 0.00201648 -0.00108177 -0.00201452 0.999998 -0.289976 -0.174699 -0.408915
FixedParameters: 0 0 0

#Transform 1
Transform: AffineTransform_float_3_3
Parameters: 0.999999 -0.00135805 0.000637903 0.00135795 0.999999 7.18663e-05 -0.000638097 -7.11335e-05 1 -0.350674 -0.393375 0.258758
FixedParameters: 0 0 0

#Transform 2
Transform: AffineTransform_float_3_3
Parameters: 0.999999 -0.000780975 0.00021309 0.000781024 0.999999 -0.000114834 -0.00021391 0.000115167 1 -0.246547 -0.335288 0.192271
FixedParameters: 0 0 0

#Transform 3
Transform: AffineTransform_float_3_3
Parameters: 0.999999 -0.000527224 0.000637815 0.000526776 1 0.000351336 -0.000638185 -0.000351663 0.999999 -0.0923164 -0.130259 0.072468
FixedParameters: 0 0 0

#Transform 4
Transform: AffineTransform_float_3_3
Parameters: 0.999999 -0.000804923 0.000236261 0.000805076 0.999999 -0.00032481 -0.000235738 0.00032519 1 -0.236652 -0.255629 0.229961
FixedParameters: 0 0 0

#Transform 5
Transform: AffineTransform_float_3_3
Parameters: 0.999999 -0.000805092 0.000235683 0.000804907 0.999999 0.00039419 -0.000235317 -0.00039381 1 -0.255591 -0.228692 -0.0765719
FixedParameters: 0 0 0

#Transform 6
Transform: AffineTransform_float_3_3
Parameters: 0.999999 -0.000862018 0.000235931 0.00086198 0.999999 8.02034e-05 -0.000236069 -7.97965e-05 1 -0.27114 -0.239854 0.0362126
FixedParameters: 0 0 0

#Transform 7
Transform: AffineTransform_float_3_3
Parameters: 0.999999 -0.000804921 0.000236268 0.000805078 0.999999 -0.00033281 -0.000235732 0.00033319 1 -0.259354 -0.283683 0.22779
FixedParameters: 0 0 0

#Transform 8
Transform: AffineTransform_float_3_3
Parameters: 0.999999 -0.000804987 0.000236042 0.000805012 0.999999 -5.181e-05 -0.000235958 5.21899e-05 1 -0.255115 -0.271319 0.107913
FixedParameters: 0 0 0

#Transform 9
Transform: AffineTransform_float_3_3
Parameters: 1 -0.000545785 0.000236498 0.000546215 1 -0.000911871 -0.000235502 0.000912129 0.999999 -0.139944 -0.245988 0.435368
FixedParameters: 0 0 0

#Transform 10
Transform: AffineTransform_float_3_3
Parameters: 1 -0.00036688 0.000236186 0.00036712 1 -0.000507913 -0.000235813 0.000508086 1 -0.0774446 -0.194961 0.286424
FixedParameters: 0 0 0

#Transform 11
Transform: AffineTransform_float_3_3
Parameters: 1 -0.000481011 7.09249e-05 0.000480989 1 0.000156034 -7.1075e-05 -0.000155966 1 -0.173913 -0.167121 -0.0516641
FixedParameters: 0 0 0

#Transform 12
Transform: AffineTransform_float_3_3
Parameters: 1 -0.000480901 0.000236202 0.000481099 1 -0.000419886 -0.000235798 0.000420113 1 -0.12787 -0.185624 0.234634
FixedParameters: 0 0 0

#Transform 13
Transform: AffineTransform_float_3_3
Parameters: 1 -0.000481083 0.000235831 0.000480917 1 0.000351113 -0.000236169 -0.000350886 1 -0.154669 -0.0975302 -0.0866048
FixedParameters: 0 0 0

#Transform 14
Transform: AffineTransform_float_3_3
Parameters: 1 -0.000147931 0.000236044 0.00014807 1 -0.000294965 -0.000235956 0.000294035 1 0.00114395 -0.0388979 0.156688
FixedParameters: 0 0 0

#Transform 15
Transform: AffineTransform_float_3_3
Parameters: 1 -0.000481002 0.000235995 0.000480998 1 1.01135e-05 -0.000236005 -9.88648e-06 1 -0.137294 -0.130667 0.0376424
FixedParameters: 0 0 0

#Transform 16
Transform: AffineTransform_float_3_3
Parameters: 1 -0.000262869 0.000236146 0.000263131 1 -0.000555938 -0.000235854 0.000556062 1 -0.0340478 -0.1395 0.272031
FixedParameters: 0 0 0

#Transform 17
Transform: AffineTransform_float_3_3
Parameters: 1 -7.99064e-05 9.60778e-05 8.00934e-05 0.999999 -0.000973991 -9.5922e-05 0.000974007 0.999999 0.0225834 -0.129077 0.43958
FixedParameters: 0 0 0

#Transform 18
Transform: AffineTransform_float_3_3
Parameters: 1 -0.00010807 0.000235968 0.00010793 1 0.000298025 -0.000236032 -0.000297974 1 0.0127748 -0.0109078 -0.0710254
FixedParameters: 0 0 0

#Transform 19
Transform: AffineTransform_float_3_3
Parameters: 1 9.89641e-06 -0.000153007 -1.01036e-05 1 -0.000676998 0.000152993 0.000677001 1 -0.00674864 -0.0167615 0.212991
FixedParameters: 0 0 0

#Transform 20
Transform: AffineTransform_float_3_3
Parameters: 1 -0.000331002 -1.4958e-05 0.000330998 1 -0.000127005 1.5042e-05 0.000126995 1 -0.123825 -0.111132 0.0438121
FixedParameters: 0 0 0

#Transform 21
Transform: AffineTransform_float_3_3
Parameters: 1 9.99944e-06 -8.00001e-05 -1.00006e-05 1 -6.9992e-06 7.99999e-05 7.0008e-06 1 0.00994175 0.00852724 -0.0454437
FixedParameters: 0 0 0

#Transform 22
Transform: AffineTransform_float_3_3
Parameters: 1 -0.000287073 -0.0002079 0.000286927 1 -0.00034906 0.0002081 0.00034894 1 -0.132353 -0.12474 0.0827565
FixedParameters: 0 0 0

#Transform 23
Transform: AffineTransform_float_3_3
Parameters: 1 -0.000393999 0.000167003 0.000394001 1 -6.9342e-06 -0.000166997 7.0658e-06 1 -0.123404 -0.122334 0.0269368
FixedParameters: 0 0 0

#Transform 24
Transform: AffineTransform_float_3_3
Parameters: 1 1.00726e-05 0.000120994 -9.9274e-06 1 -0.000600001 -0.000121006 0.000599999 1 0.0531911 -0.0380464 0.272395
FixedParameters: 0 0 0

#Transform 25
Transform: AffineTransform_float_3_3
Parameters: 1 9.97953e-06 0.000172001 -1.00205e-05 1 0.000118998 -0.000171999 -0.000119002 1 0.0109178 0.0321312 -0.044727
FixedParameters: 0 0 0

#Transform 26
Transform: AffineTransform_float_3_3
Parameters: 1 -8.28935e-05 0.000133066 8.31063e-05 0.999999 -0.000799988 -0.000132934 0.000800011 0.999999 0.00416679 -0.0955206 0.332344
FixedParameters: 0 0 0

#Transform 27
Transform: AffineTransform_float_3_3
Parameters: 1 9.98251e-06 4.90036e-05 -1.00175e-05 1 0.000356999 -4.89964e-05 -0.000357 1 -0.00639577 0.0487038 -0.181795
FixedParameters: 0 0 0

#Transform 28
Transform: AffineTransform_float_3_3
Parameters: 1 1.00568e-05 0.000283998 -9.9432e-06 1 -0.000200003 -0.000284002 0.000199997 1 0.0508533 0.0226588 0.121171
FixedParameters: 0 0 0

#Transform 29
Transform: AffineTransform_float_3_3
Parameters: 1 9.98979e-06 2.30044e-05 -1.00102e-05 1 0.000444 -2.29956e-05 -0.000444 1 -0.0140022 0.0859629 -0.23401
FixedParameters: 0 0 0

#Transform 30
Transform: AffineTransform_float_3_3
Parameters: 1 0.000417011 0.000283984 -0.000416989 1 -3.91184e-05 -0.000284016 3.88816e-05 1 0.216037 0.170443 0.0401894
FixedParameters: 0 0 0

#Transform 31
Transform: AffineTransform_float_3_3
Parameters: 1 1.00071e-05 -0.000182 -9.9929e-06 1 3.90018e-05 0.000182 -3.89982e-05 1 -0.0497719 0.0212261 -0.126981
FixedParameters: 0 0 0

#Transform 32
Transform: AffineTransform_float_3_3
Parameters: 1 -5.29662e-05 0.000284006 5.30341e-05 1 -0.000119985 -0.000283994 0.000119015 1 0.0375454 0.00238292 0.115825
FixedParameters: 0 0 0

#Transform 33
Transform: AffineTransform_float_3_3
Parameters: 1 0.000104909 0.000284034 -0.000105091 1 0.00032097 -0.000283966 -0.00032003 1 0.0638812 0.119486 -0.0698698
FixedParameters: 0 0 0

#Transform 34
Transform: AffineTransform_float_3_3
Parameters: 1 9.98012e-06 0.000284001 -1.00199e-05 1 6.99972e-05 -0.000283999 -7.00028e-05 1 0.0772877 0.0922425 0.00424915
FixedParameters: 0 0 0

#Transform 35
Transform: AffineTransform_float_3_3
Parameters: 1 1.00475e-05 -0.000125996 -9.9525e-06 1 0.000377001 0.000126004 -0.000376999 1 -0.0267817 0.0908606 -0.229477
FixedParameters: 0 0 0

#Transform 36
Transform: AffineTransform_float_3_3
Parameters: 1 8.74451e-06 0.00115501 -9.25548e-06 1 0.00108699 -0.00115499 -0.00108701 0.999998 0.283179 0.411049 -0.250987
FixedParameters: 0 0 0

#Transform 37
Transform: AffineTransform_float_3_3
Parameters: 0.999997 -0.000982147 0.00195643 0.000972854 0.999988 0.00467091 -0.00196056 -0.00466908 0.999987 0.0268548 0.545445 -1.42909
FixedParameters: 0 0 0

#Transform 38
Transform: AffineTransform_float_3_3
Parameters: 0.999998 -0.0011415 0.00156556 0.00113451 0.999988 0.00478079 -0.00157044 -0.00477922 0.999988 -0.116801 0.558004 -1.60152
FixedParameters: 0 0 0

#Transform 39
Transform: AffineTransform_float_3_3
Parameters: 0.999998 -0.00111767 0.00156697 0.00111233 0.999993 0.00361275 -0.00157103 -0.00361025 0.999992 -0.0916475 0.425205 -1.12722
FixedParameters: 0 0 0

#Transform 40
Transform: AffineTransform_float_3_3
Parameters: 0.999998 -0.00147105 0.00131426 0.00146495 0.999989 0.00459293 -0.00132074 -0.00459107 0.999988 -0.309543 0.379744 -1.58934
FixedParameters: 0 0 0

#Transform 41
Transform: AffineTransform_float_3_3
Parameters: 0.999999 -0.00146889 0.00114101 0.00146511 0.999993 0.00339968 -0.00114599 -0.00339732 0.999993 -0.317229 0.296639 -1.18155
FixedParameters: 0 0 0

#Transform 42
Transform: AffineTransform_float_3_3
Parameters: 0.999999 -0.00147 0.00113959 0.001465 0.99999 0.00437168 -0.00114641 -0.00436932 0.99999 -0.339771 0.403544 -1.58636
FixedParameters: 0 0 0

#Transform 43
Transform: AffineTransform_float_3_3
Parameters: 0.999999 -0.00146943 0.00114032 0.00146558 0.999992 0.00387268 -0.00114568 -0.00387132 0.999992 -0.346944 0.346406 -1.4037
FixedParameters: 0 0 0

#Transform 44
Transform: AffineTransform_float_3_3
Parameters: 0.999997 -0.00147029 0.00153495 0.00146571 0.999993 0.00344226 -0.00154005 -0.00343974 0.999993 -0.275433 0.282224 -1.06527
FixedParameters: 0 0 0

#Transform 45
Transform: AffineTransform_float_3_3
Parameters: 0.999999 -0.00146963 0.00114005 0.00146537 0.99999 0.00405368 -0.00114595 -0.00405232 0.999991 -0.348644 0.31593 -1.41401
FixedParameters: 0 0 0

#Transform 46
Transform: AffineTransform_float_3_3
Parameters: 0.999998 -0.0014696 0.00136507 0.0014654 0.999994 0.00336201 -0.00136993 -0.00336 0.999994 -0.286871 0.285918 -1.08716
FixedParameters: 0 0 0

#Transform 47
Transform: AffineTransform_float_3_3
Parameters: 0.999998 -0.00125279 0.00159647 0.00124721 0.999992 0.003623 -0.00160153 -0.003621 0.999992 -0.168426 0.364052 -1.12672
FixedParameters: 0 0 0

#Transform 48
Transform: AffineTransform_float_3_3
Parameters: 0.999998 -0.001173 0.00154246 0.001167 0.999992 0.00388581 -0.00154755 -0.00388419 0.999992 -0.168845 0.41642 -1.26494
FixedParameters: 0 0 0

#Transform 49
Transform: AffineTransform_float_3_3
Parameters: 0.999999 -0.0012446 0.00138889 0.0012404 0.999994 0.00330773 -0.00139311 -0.00330627 0.999993 -0.192363 0.337259 -1.07033
FixedParameters: 0 0 0

#Transform 50
Transform: AffineTransform_float_3_3
Parameters: 0.999999 -0.000925193 0.0015439 0.000919808 0.999994 0.00336043 -0.0015471 -0.00335957 0.999993 -0.0606977 0.373299 -1.06768
FixedParameters: 0 0 0

#Transform 51
Transform: AffineTransform_float_3_3
Parameters: 0.999999 -0.00086363 0.00154442 0.00085937 0.999995 0.00299533 -0.00154758 -0.00299467 0.999995 -0.0171444 0.393031 -0.895614
FixedParameters: 0 0 0

#Transform 52
Transform: AffineTransform_float_3_3
Parameters: 0.999999 -0.00109015 0.00136391 0.00108486 0.999993 0.00376649 -0.0013681 -0.00376552 0.999992 -0.122109 0.407641 -1.24497
FixedParameters: 0 0 0

#Transform 53
Transform: AffineTransform_float_3_3
Parameters: 0.999998 -0.00191646 0.000694257 0.00191354 0.999992 0.00352133 -0.00070174 -0.00351966 0.999993 -0.517898 0.182464 -1.33309
FixedParameters: 0 0 0

#Transform 54
Transform: AffineTransform_float_3_3
Parameters: 0.999996 -0.00277154 0.000500141 0.00276846 0.999983 0.0050034 -0.000513855 -0.0050016 0.999988 -0.824705 0.0569343 -2.0309
FixedParameters: 0 0 0

#Transform 55
Transform: AffineTransform_float_3_3
Parameters: 0.999995 -0.00309341 0.000707985 0.00308959 0.999977 0.00615222 -0.000727017 -0.00614978 0.999981 -0.897928 0.214519 -2.46208
FixedParameters: 0 0 0

#Transform 56
Transform: AffineTransform_float_3_3
Parameters: 0.999995 -0.00327804 0.000533751 0.00327396 0.999967 0.00740279 -0.00055825 -0.00740122 0.999973 -1.01758 0.280708 -3.0258
FixedParameters: 0 0 0

#Transform 57
Transform: AffineTransform_float_3_3
Parameters: 0.999995 -0.00309132 0.000361734 0.00308968 0.999976 0.00623514 -0.00038127 -0.00623385 0.99998 -0.945041 0.242707 -2.5825
FixedParameters: 0 0 0

#Transform 58
Transform: AffineTransform_float_3_3
Parameters: 0.999995 -0.00309187 0.000396232 0.00308913 0.999971 0.00704426 -0.000418772 -0.00704374 0.999975 -0.967209 0.272249 -2.94418
FixedParameters: 0 0 0

#Transform 59
Transform: AffineTransform_float_3_3
Parameters: 0.999995 -0.00309325 0.000746599 0.00308975 0.99998 0.00563034 -0.000763407 -0.00562867 0.999984 -0.886056 0.115927 -2.2962
FixedParameters: 0 0 0

#Transform 60
Transform: AffineTransform_float_3_3
Parameters: 0.999995 -0.00309432 0.0007648 0.00308968 0.999971 0.0068584 -0.000786204 -0.0068556 0.999976 -0.878488 0.222149 -2.77661
FixedParameters: 0 0 0

#Transform 61
Transform: AffineTransform_float_3_3
Parameters: 0.999995 -0.00309067 0.000305588 0.00308933 0.999981 0.00531197 -0.000322414 -0.00531103 0.999986 -0.945894 0.0484038 -2.25642
FixedParameters: 0 0 0

#Transform 62
Transform: AffineTransform_float_3_3
Parameters: 0.999995 -0.00309385 0.000699873 0.00308914 0.999972 0.0068352 -0.000721128 -0.00683281 0.999977 -0.887771 0.22931 -2.76326
FixedParameters: 0 0 0

#Transform 63
Transform: AffineTransform_float_3_3
Parameters: 0.999994 -0.00340339 0.00069485 0.00339861 0.999975 0.00621939 -0.000716145 -0.0062166 0.99998 -0.998976 0.125788 -2.52679
FixedParameters: 0 0 0

#Transform 64
Transform: AffineTransform_float_3_3
Parameters: 0.999994 -0.00366565 0.000233334 0.00366435 0.99997 0.0067309 -0.000257665 -0.0067291 0.999978 -1.21818 0.0782694 -2.86861
FixedParameters: 0 0 0

#Transform 65
Transform: AffineTransform_float_3_3
Parameters: 0.999995 -0.00309091 0.000288214 0.00308909 0.999974 0.00640392 -0.000308788 -0.00640308 0.99998 -1.01265 0.222074 -2.73482
FixedParameters: 0 0 0

#Transform 66
Transform: AffineTransform_float_3_3
Parameters: 0.999996 -0.00282466 0.000104491 0.00282434 0.999979 0.00584532 -0.000121513 -0.00584568 0.999983 -0.962718 0.239066 -2.56426
FixedParameters: 0 0 0

#Transform 67
Transform: AffineTransform_float_3_3
Parameters: 0.999996 -0.00278593 0.00015398 0.00278507 0.999979 0.00575145 -0.000170019 -0.00575055 0.999984 -0.936528 0.234044 -2.52255
FixedParameters: 0 0 0

#Transform 68
Transform: AffineTransform_float_3_3
Parameters: 0.999998 -0.0022253 0.000359003 0.0022237 0.999977 0.00629381 -0.000373003 -0.00629319 0.99998 -0.710476 0.449567 -2.65172
FixedParameters: 0 0 0

#Transform 69
Transform: AffineTransform_float_3_3
Parameters: 0.999999 -0.00174985 0.000554098 0.00174716 0.999986 0.00509198 -0.000562903 -0.00509103 0.999987 -0.50525 0.380505 -2.08287
FixedParameters: 0 0 0

#Transform 70
Transform: AffineTransform_float_3_3
Parameters: 0.999997 -0.00205185 0.000618618 0.00204915 0.999988 0.00457628 -0.000627382 -0.00457473 0.99999 -0.571573 0.326767 -1.84604
FixedParameters: 0 0 0

#Transform 71
Transform: AffineTransform_float_3_3
Parameters: 0.999997 -0.00206515 0.000505312 0.00206186 0.999979 0.00614906 -0.000517687 -0.00614794 0.999981 -0.618347 0.429907 -2.51602
FixedParameters: 0 0 0

#Transform 72
Transform: AffineTransform_float_3_3
Parameters: 0.999998 -0.00173989 0.000384541 0.00173811 0.999986 0.00486467 -0.00039346 -0.00486432 0.999988 -0.502395 0.440726 -2.08484
FixedParameters: 0 0 0

#Transform 73
Transform: AffineTransform_float_3_3
Parameters: 0.999999 -0.00144719 0.000349039 0.00144481 0.99998 0.00619651 -0.000357958 -0.00619549 0.99998 -0.42461 0.611867 -2.61658
FixedParameters: 0 0 0

#Transform 74
Transform: AffineTransform_float_3_3
Parameters: 0.999999 -0.00176144 0.000509633 0.00175856 0.999987 0.0047539 -0.000517363 -0.0047521 0.999988 -0.509549 0.4199 -1.99704
FixedParameters: 0 0 0

#Transform 75
Transform: AffineTransform_float_3_3
Parameters: 0.999999 -0.00175804 0.000600291 0.00175396 0.999976 0.00666806 -0.000611708 -0.00666693 0.999977 -0.497471 0.618068 -2.74667
FixedParameters: 0 0 0

#Transform 76
Transform: AffineTransform_float_3_3
Parameters: 0.999998 -0.00200326 0.000231339 0.00200274 0.999984 0.00532347 -0.000242663 -0.00532252 0.999986 -0.609899 0.459386 -2.31107
FixedParameters: 0 0 0

#Transform 77
Transform: AffineTransform_float_3_3
Parameters: 0.999997 -0.00259923 0.000746016 0.00259377 0.999972 0.00692696 -0.000763983 -0.00692504 0.999975 -0.763049 0.405091 -2.80771
FixedParameters: 0 0 0

#Transform 78
Transform: AffineTransform_float_3_3
Parameters: 0.999996 -0.00259735 0.00063237 0.00259464 0.999983 0.00525166 -0.000646633 -0.00525034 0.999986 -0.745462 0.26452 -2.18273
FixedParameters: 0 0 0

#Transform 79
Transform: AffineTransform_float_3_3
Parameters: 0.999996 -0.00260106 0.00112888 0.00259395 0.999978 0.00620596 -0.00114412 -0.00620305 0.99998 -0.685151 0.262394 -2.4253
FixedParameters: 0 0 0

#Transform 80
Transform: AffineTransform_float_3_3
Parameters: 0.999996 -0.00259872 0.000964365 0.00259428 0.999985 0.00486752 -0.000976637 -0.00486548 0.999987 -0.683288 0.150325 -1.93492
FixedParameters: 0 0 0

#Transform 81
Transform: AffineTransform_float_3_3
Parameters: 0.999996 -0.0026922 0.00144516 0.0026818 0.999972 0.00701291 -0.00146384 -0.00700909 0.999975 -0.669458 0.375391 -2.68333
FixedParameters: 0 0 0

#Transform 82
Transform: AffineTransform_float_3_3
Parameters: 0.999996 -0.0025999 0.000965254 0.0025941 0.999978 0.00606453 -0.000980746 -0.00606148 0.999981 -0.683077 0.381772 -2.46351
FixedParameters: 0 0 0

#Transform 83
Transform: AffineTransform_float_3_3
Parameters: 0.999996 -0.00281431 0.00105979 0.00280769 0.999972 0.006836 -0.00107921 -0.00683299 0.999976 -0.781003 0.346538 -2.73664
FixedParameters: 0 0 0

#Transform 84
Transform: AffineTransform_float_3_3
Parameters: 0.999996 -0.00279596 0.00113298 0.00278904 0.999977 0.00609818 -0.00115002 -0.00609481 0.999981 -0.747441 0.30947 -2.4348
FixedParameters: 0 0 0

#Transform 85
Transform: AffineTransform_float_3_3
Parameters: 0.999995 -0.00260342 0.00147549 0.00259457 0.999977 0.00635386 -0.00149251 -0.00635014 0.999978 -0.605632 0.366927 -2.39601
FixedParameters: 0 0 0

#Transform 86
Transform: AffineTransform_float_3_3
Parameters: 0.999995 -0.00260698 0.00169621 0.00259401 0.999967 0.00761143 -0.00171679 -0.00760756 0.999969 -0.594151 0.547303 -2.88375
FixedParameters: 0 0 0

#Transform 87
Transform: AffineTransform_float_3_3
Parameters: 0.999995 -0.00260338 0.00146242 0.00259462 0.999977 0.00638082 -0.00147858 -0.00637718 0.999978 -0.631256 0.453106 -2.45009
FixedParameters: 0 0 0

#Transform 88
Transform: AffineTransform_float_3_3
Parameters: 0.999994 -0.00294091 0.00188089 0.00292609 0.999964 0.00787955 -0.00190411 -0.00787445 0.999967 -0.70915 0.494047 -2.95281
FixedParameters: 0 0 0

#Transform 89
Transform: AffineTransform_float_3_3
Parameters: 0.999995 -0.00292279 0.00169412 0.0029102 0.999967 0.00750497 -0.00171688 -0.00750002 0.999971 -0.736984 0.50557 -2.84362
FixedParameters: 0 0 0

#Transform 90
Transform: AffineTransform_float_3_3
Parameters: 0.999995 -0.00260815 0.00181383 0.00259386 0.999966 0.00775874 -0.00183318 -0.00775426 0.999969 -0.57714 0.631314 -2.9313
FixedParameters: 0 0 0

#Transform 91
Transform: AffineTransform_float_3_3
Parameters: 0.999996 -0.00226388 0.00124318 0.00225412 0.999967 0.00789183 -0.00126083 -0.00788918 0.999968 -0.570537 0.703817 -3.14294
FixedParameters: 0 0 0

#Transform 92
Transform: AffineTransform_float_3_3
Parameters: 0.999995 -0.0027768 0.00140688 0.0027662 0.999967 0.00762293 -0.00142812 -0.00761907 0.99997 -0.728434 0.543382 -2.96703
FixedParameters: 0 0 0

#Transform 93
Transform: AffineTransform_float_3_3
Parameters: 0.999996 -0.00277603 0.00073971 0.00276997 0.999964 0.00803908 -0.00076129 -0.00803692 0.999968 -0.836388 0.584273 -3.35857
FixedParameters: 0 0 0

#Transform 94
Transform: AffineTransform_float_3_3
Parameters: 0.999997 -0.00259942 0.000743293 0.00259458 0.99997 0.00720495 -0.000761711 -0.00720304 0.999974 -0.755657 0.468088 -3.01192
FixedParameters: 0 0 0

#Transform 95
Transform: AffineTransform_float_3_3
Parameters: 0.999994 -0.00344211 0.000619577 0.00343788 0.999973 0.00651917 -0.000642425 -0.00651782 0.999978 -1.04575 0.151933 -2.74121
FixedParameters: 0 0 0

#Transform 96
Transform: AffineTransform_float_3_3
Parameters: 0.999994 -0.00340767 0.000236053 0.00340634 0.999972 0.00673585 -0.00025895 -0.00673516 0.999978 -1.11887 0.153366 -2.91586
FixedParameters: 0 0 0

#Transform 97
Transform: AffineTransform_float_3_3
Parameters: 0.999995 -0.00317015 0.000471259 0.00316685 0.999974 0.00654653 -0.000491742 -0.00654548 0.999979 -0.991805 0.195963 -2.78756
FixedParameters: 0 0 0

#Transform 98
Transform: AffineTransform_float_3_3
Parameters: 0.999995 -0.00314916 0.000356377 0.00314684 0.999978 0.00591616 -0.000374622 -0.00591486 0.999983 -0.975465 0.1866 -2.55925
FixedParameters: 0 0 0

#Transform 99
Transform: AffineTransform_float_3_3
Parameters: 0.999995 -0.00329838 0.000751781 0.00329262 0.999969 0.00704651 -0.000775218 -0.00704448 0.999975 -1.00392 0.20131 -2.89762
FixedParameters: 0 0 0

#Transform 100
Transform: AffineTransform_float_3_3
Parameters: 0.999995 -0.0032924 -0.000123184 0.0032926 0.999981 0.00521862 0.000105817 -0.00521938 0.999987 -1.09713 -0.012514 -2.47624
FixedParameters: 0 0 0

#Transform 101
Transform: AffineTransform_float_3_3
Parameters: 0.999995 -0.00329625 0.000464538 0.00329276 0.999972 0.00681857 -0.000486462 -0.00681743 0.999976 -1.05334 0.168541 -2.88226
FixedParameters: 0 0 0

#Transform 102
Transform: AffineTransform_float_3_3
Parameters: 0.999994 -0.00329895 0.000964902 0.00329305 0.999976 0.00609921 -0.000985101 -0.00609679 0.999981 -0.953857 0.182018 -2.50708
FixedParameters: 0 0 0

#Transform 103
Transform: AffineTransform_float_3_3
Parameters: 0.999994 -0.00330024 0.000981975 0.00329276 0.999968 0.00728928 -0.00100503 -0.00728673 0.999973 -0.955047 0.308915 -2.96178
FixedParameters: 0 0 0

#Transform 104
Transform: AffineTransform_float_3_3
Parameters: 0.999994 -0.00330143 0.00105397 0.00329258 0.999964 0.00789652 -0.00108003 -0.00789349 0.999969 -0.935108 0.397724 -3.21325
FixedParameters: 0 0 0

#Transform 105
Transform: AffineTransform_float_3_3
Parameters: 0.999994 -0.00325045 0.00122989 0.00324154 0.999971 0.00681402 -0.00125211 -0.00680997 0.999976 -0.843025 0.300607 -2.69363
FixedParameters: 0 0 0

#Transform 106
Transform: AffineTransform_float_3_3
Parameters: 0.999993 -0.00367623 0.00130581 0.00366578 0.999957 0.00849885 -0.0013362 -0.00849415 0.999963 -1.02462 0.328184 -3.38428
FixedParameters: 0 0 0

#Transform 107
Transform: AffineTransform_float_3_3
Parameters: 0.999992 -0.00368444 0.00114314 0.00367656 0.999966 0.00729925 -0.00116986 -0.00729474 0.999972 -1.03956 0.220555 -2.97194
FixedParameters: 0 0 0

#Transform 108
Transform: AffineTransform_float_3_3
Parameters: 0.999992 -0.00365036 0.00165162 0.00363564 0.999957 0.00861608 -0.00168338 -0.00860993 0.999962 -0.973086 0.358273 -3.35321
FixedParameters: 0 0 0

#Transform 109
Transform: AffineTransform_float_3_3
Parameters: 0.999992 -0.00375557 0.00151769 0.00374343 0.999965 0.00755175 -0.0015463 -0.00754626 0.999971 -1.01131 0.267336 -2.96753
FixedParameters: 0 0 0

#Transform 110
Transform: AffineTransform_float_3_3
Parameters: 0.99999 -0.00425816 0.00150937 0.00424483 0.999954 0.00861949 -0.00154663 -0.0086125 0.999961 -1.23377 0.178543 -3.41386
FixedParameters: 0 0 0

#Transform 111
Transform: AffineTransform_float_3_3
Parameters: 0.999992 -0.00375724 0.00151847 0.00374675 0.999966 0.00734175 -0.00154654 -0.00733625 0.999972 -0.999902 0.193672 -2.93379
FixedParameters: 0 0 0

#Transform 112
Transform: AffineTransform_float_3_3
Parameters: 0.999992 -0.00376107 0.00182015 0.00374493 0.999954 0.00875589 -0.00185285 -0.0087491 0.99996 -0.977625 0.371447 -3.36961
FixedParameters: 0 0 0

#Transform 113
Transform: AffineTransform_float_3_3
Parameters: 0.999992 -0.00375787 0.00151445 0.00374512 0.999957 0.00841274 -0.00154655 -0.00840726 0.999964 -1.02683 0.392004 -3.33167
FixedParameters: 0 0 0

#Transform 114
Transform: AffineTransform_float_3_3
Parameters: 0.99999 -0.0039156 0.00181879 0.0039004 0.999957 0.00850218 -0.00185221 -0.00849483 0.999962 -1.0506 0.308811 -3.24068
FixedParameters: 0 0 0

#Transform 115
Transform: AffineTransform_float_3_3
Parameters: 0.99999 -0.00390305 0.0018902 0.00388694 0.999957 0.00842542 -0.0019228 -0.00841757 0.999962 -1.00932 0.323562 -3.21612
FixedParameters: 0 0 0

#Transform 116
Transform: AffineTransform_float_3_3
Parameters: 0.99999 -0.00407682 0.00172202 0.00406118 0.999951 0.00909309 -0.00175899 -0.00908592 0.999957 -1.12051 0.341413 -3.52228
FixedParameters: 0 0 0

#Transform 117
Transform: AffineTransform_float_3_3
Parameters: 0.999991 -0.00393482 0.00151307 0.00392117 0.999957 0.00838401 -0.00154692 -0.00837799 0.999963 -1.09622 0.357545 -3.3367
FixedParameters: 0 0 0

#Transform 118
Transform: AffineTransform_float_3_3
Parameters: 0.999991 -0.00376446 0.00218582 0.00374554 0.999954 0.00884027 -0.00221918 -0.00883172 0.999958 -0.947206 0.410011 -3.29767
FixedParameters: 0 0 0

#Transform 119
Transform: AffineTransform_float_3_3
Parameters: 0.999992 -0.00350635 0.00204453 0.00348866 0.999959 0.00842821 -0.00207347 -0.00842181 0.999963 -0.878927 0.45462 -3.20041
FixedParameters: 0 0 0

#Transform 120
Transform: AffineTransform_float_3_3
Parameters: 0.999992 -0.00348486 0.00230222 0.00346513 0.999957 0.00857505 -0.00233279 -0.00856694 0.99996 -0.845224 0.436552 -3.16169
FixedParameters: 0 0 0

#Transform 121
Transform: AffineTransform_float_3_3
Parameters: 0.999991 -0.00337432 0.00229236 0.00335367 0.999955 0.00881275 -0.00232263 -0.00880523 0.999958 -0.79145 0.563029 -3.28736
FixedParameters: 0 0 0

#Transform 122
Transform: AffineTransform_float_3_3
Parameters: 0.999992 -0.00346992 0.0022744 0.00345109 0.99996 0.00826892 -0.0023026 -0.00826108 0.999963 -0.83485 0.457269 -3.02169
FixedParameters: 0 0 0

#Transform 123
Transform: AffineTransform_float_3_3
Parameters: 0.999992 -0.00323305 0.00230741 0.00321095 0.999949 0.00949748 -0.00233759 -0.00948952 0.999952 -0.76362 0.624733 -3.5221
FixedParameters: 0 0 0

#Transform 124
Transform: AffineTransform_float_3_3
Parameters: 0.999991 -0.00343534 0.00242747 0.00341467 0.99996 0.00833337 -0.00245553 -0.00832464 0.999963 -0.814462 0.484072 -3.03979
FixedParameters: 0 0 0

#Transform 125
Transform: AffineTransform_float_3_3
Parameters: 0.999991 -0.00342135 0.0025621 0.00339865 0.999953 0.00906479 -0.0025929 -0.00905621 0.999955 -0.800018 0.534953 -3.25011
FixedParameters: 0 0 0

#Transform 126
Transform: AffineTransform_float_3_3
Parameters: 0.99999 -0.00337286 0.00287105 0.00334815 0.999958 0.0086187 -0.00289995 -0.0086083 0.999958 -0.702093 0.523574 -3.01069
FixedParameters: 0 0 0

#Transform 127
Transform: AffineTransform_float_3_3
Parameters: 0.999991 -0.00347762 0.00266215 0.00345339 0.999952 0.00919628 -0.00269386 -0.00918672 0.999954 -0.783024 0.534078 -3.28297
FixedParameters: 0 0 0

#Transform 128
Transform: AffineTransform_float_3_3
Parameters: 0.999991 -0.00372473 0.00236162 0.00370427 0.999955 0.00872284 -0.00239439 -0.00871417 0.999959 -0.926868 0.428564 -3.22233
FixedParameters: 0 0 0

#Transform 129
Transform: AffineTransform_float_3_3
Parameters: 0.99999 -0.00382231 0.00257417 0.00379969 0.999955 0.00861787 -0.00260682 -0.00860812 0.999959 -0.932241 0.36089 -3.09628
FixedParameters: 0 0 0

#Transform 130
Transform: AffineTransform_float_3_3
Parameters: 0.999988 -0.003966 0.00260784 0.003946 0.999963 0.00762937 -0.00263816 -0.00761862 0.999967 -0.943819 0.19811 -2.6788
FixedParameters: 0 0 0

#Transform 131
Transform: AffineTransform_float_3_3
Parameters: 0.999989 -0.00396993 0.002541 0.00394608 0.999949 0.00935214 -0.002578 -0.00934187 0.999953 -0.980682 0.393996 -3.42232
FixedParameters: 0 0 0

#Transform 132
Transform: AffineTransform_float_3_3
Parameters: 0.99999 -0.00396554 0.0023615 0.00394546 0.999959 0.00822041 -0.0023945 -0.0082106 0.999964 -0.987002 0.318991 -3.0165
FixedParameters: 0 0 0

#Transform 133
Transform: AffineTransform_float_3_3
Parameters: 0.999988 -0.00404811 0.00282251 0.00402088 0.999947 0.00954647 -0.00286149 -0.00953454 0.999951 -0.961049 0.427721 -3.41743
FixedParameters: 0 0 0

#Transform 134
Transform: AffineTransform_float_3_3
Parameters: 0.999988 -0.00397124 0.00282383 0.00394576 0.999952 0.00888925 -0.00285917 -0.00887775 0.999957 -0.90117 0.439882 -3.1566
FixedParameters: 0 0 0

#Transform 135
Transform: AffineTransform_float_3_3
Parameters: 0.999988 -0.00397561 0.00290085 0.00394538 0.999941 0.0101436 -0.00294115 -0.0101324 0.999945 -0.913767 0.539599 -3.62696
FixedParameters: 0 0 0

#Transform 136
Transform: AffineTransform_float_3_3
Parameters: 0.999988 -0.00445185 0.00235313 0.00443016 0.999948 0.00920854 -0.00239388 -0.00919846 0.999955 -1.19559 0.311727 -3.45356
FixedParameters: 0 0 0

#Transform 137
Transform: AffineTransform_float_3_3
Parameters: 0.999989 -0.0039447 0.00279938 0.00391731 0.999944 0.00983108 -0.00283763 -0.00981992 0.999948 -0.935552 0.498859 -3.55544
FixedParameters: 0 0 0

#Transform 138
Transform: AffineTransform_float_3_3
Parameters: 0.999988 -0.00348977 0.00326339 0.00345922 0.99995 0.00938939 -0.0032966 -0.0093776 0.99995 -0.66249 0.63972 -3.25635
FixedParameters: 0 0 0

#Transform 139
Transform: AffineTransform_float_3_3
Parameters: 0.999989 -0.00395255 0.00277883 0.00392345 0.99994 0.010206 -0.00281917 -0.010195 0.999944 -0.935654 0.604056 -3.72513
FixedParameters: 0 0 0

#Transform 140
Transform: AffineTransform_float_3_3
Parameters: 0.999989 -0.00381541 0.00270147 0.0037896 0.999949 0.00934934 -0.00273653 -0.00933966 0.999952 -0.872966 0.55356 -3.43347
FixedParameters: 0 0 0

#Transform 141
Transform: AffineTransform_float_3_3
Parameters: 0.999989 -0.00395169 0.00278005 0.00392431 0.999944 0.00989703 -0.00281896 -0.00988598 0.999947 -0.930958 0.55732 -3.60336
FixedParameters: 0 0 0

#Transform 142
Transform: AffineTransform_float_3_3
Parameters: 0.999989 -0.0037984 0.00278332 0.00377159 0.999949 0.0094316 -0.00281967 -0.00942039 0.999951 -0.860149 0.579873 -3.42831
FixedParameters: 0 0 0

#Transform 143
Transform: AffineTransform_float_3_3
Parameters: 0.999989 -0.0039521 0.00277947 0.0039239 0.999942 0.010042 -0.00281952 -0.010031 0.999945 -0.919316 0.520169 -3.64671
FixedParameters: 0 0 0

#Transform 144
Transform: AffineTransform_float_3_3
Parameters: 0.999988 -0.0038783 0.00298486 0.0038507 0.999951 0.00909961 -0.00302014 -0.0090874 0.999954 -0.84301 0.548549 -3.22221
FixedParameters: 0 0 0

#Transform 145
Transform: AffineTransform_float_3_3
Parameters: 0.999988 -0.00407273 0.00277587 0.00404327 0.999936 0.0106344 -0.00281913 -0.0106226 0.999939 -0.958111 0.581776 -3.86552
FixedParameters: 0 0 0

#Transform 146
Transform: AffineTransform_float_3_3
Parameters: 0.999988 -0.00397737 0.00279343 0.00395062 0.999945 0.00973615 -0.00283258 -0.00972484 0.999948 -0.889869 0.595113 -3.5382
FixedParameters: 0 0 0

#Transform 147
Transform: AffineTransform_float_3_3
Parameters: 0.999989 -0.00389052 0.00270503 0.00386148 0.999934 0.0108346 -0.00274697 -0.0108234 0.999937 -0.878635 0.671715 -4.00317
FixedParameters: 0 0 0

#Transform 148
Transform: AffineTransform_float_3_3
Parameters: 0.999989 -0.00388896 0.00288671 0.00386104 0.999946 0.00963026 -0.0029233 -0.00961875 0.99995 -0.840921 0.595391 -3.51856
FixedParameters: 0 0 0

#Transform 149
Transform: AffineTransform_float_3_3
Parameters: 0.999988 -0.00399958 0.00282864 0.00397043 0.999938 0.0103854 -0.00286937 -0.0103737 0.999942 -0.918951 0.605615 -3.81837
FixedParameters: 0 0 0

#Transform 150
Transform: AffineTransform_float_3_3
Parameters: 0.99999 -0.00392155 0.00240423 0.00389546 0.999933 0.0109475 -0.00244678 -0.0109385 0.999937 -0.990842 0.70733 -4.18344
FixedParameters: 0 0 0

#Transform 151
Transform: AffineTransform_float_3_3
Parameters: 0.99999 -0.00368556 0.00233162 0.00366043 0.999938 0.0104526 -0.00237037 -0.0104434 0.999942 -0.905407 0.739801 -4.04915
FixedParameters: 0 0 0

#Transform 152
Transform: AffineTransform_float_3_3
Parameters: 0.999989 -0.00381444 0.00280574 0.00378556 0.999942 0.0100737 -0.00284326 -0.0100633 0.999946 -0.841215 0.653462 -3.74712
FixedParameters: 0 0 0

#Transform 153
Transform: AffineTransform_float_3_3
Parameters: 0.999989 -0.00396409 0.00243909 0.00393791 0.999936 0.0106107 -0.00248091 -0.0106013 0.99994 -0.977844 0.657009 -3.99965
FixedParameters: 0 0 0

#Transform 154
Transform: AffineTransform_float_3_3
Parameters: 0.99999 -0.00388115 0.00214716 0.00385585 0.999926 0.0115944 -0.00219284 -0.0115856 0.99993 -1.02156 0.849865 -4.53605
FixedParameters: 0 0 0

#Transform 155
Transform: AffineTransform_float_3_3
Parameters: 0.999989 -0.00361943 0.00279301 0.00358857 0.999935 0.0108231 -0.00283199 -0.0108139 0.999937 -0.803664 0.809016 -4.03615
FixedParameters: 0 0 0

#Transform 156
Transform: AffineTransform_float_3_3
Parameters: 0.999991 -0.00324209 0.00252306 0.00321291 0.99993 0.0114502 -0.00255995 -0.0114428 0.999932 -0.710414 0.997312 -4.38449
FixedParameters: 0 0 0

#Transform 157
Transform: AffineTransform_float_3_3
Parameters: 0.999992 -0.00297972 0.00260551 0.00295027 0.999935 0.0109588 -0.00263848 -0.0109502 0.999936 -0.589551 1.01566 -4.16377
FixedParameters: 0 0 0

#Transform 158
Transform: AffineTransform_float_3_3
Parameters: 0.999993 -0.00300728 0.00215718 0.00298171 0.999928 0.0116305 -0.00219282 -0.0116235 0.99993 -0.702313 1.09188 -4.61234
FixedParameters: 0 0 0

#Transform 159
Transform: AffineTransform_float_3_3
Parameters: 0.99999 -0.00358215 0.00274786 0.00355084 0.999931 0.0112599 -0.00278814 -0.0112491 0.999933 -0.80956 0.888127 -4.22976
FixedParameters: 0 0 0

#Transform 160
Transform: AffineTransform_float_3_3
Parameters: 0.999987 -0.00427673 0.00277419 0.00424228 0.999914 0.0124049 -0.00282682 -0.0123931 0.999919 -1.06882 0.838032 -4.66944
FixedParameters: 0 0 0

#Transform 161
Transform: AffineTransform_float_3_3
Parameters: 0.999986 -0.00454848 0.00247434 0.00452052 0.999925 0.0113983 -0.00252566 -0.0113867 0.999932 -1.21649 0.651532 -4.34487
FixedParameters: 0 0 0

#Transform 162
Transform: AffineTransform_float_3_3
Parameters: 0.99999 -0.00394312 0.002141 0.00391488 0.999908 0.0129835 -0.002192 -0.0129755 0.999914 -1.05741 0.975676 -5.09993
FixedParameters: 0 0 0

#Transform 163
Transform: AffineTransform_float_3_3
Parameters: 0.999993 -0.0030996 0.00234162 0.00307141 0.999922 0.0121193 -0.00237839 -0.0121127 0.999924 -0.681121 1.21701 -4.77947
FixedParameters: 0 0 0

#Transform 164
Transform: AffineTransform_float_3_3
Parameters: 0.999991 -0.00328499 0.00274567 0.00325001 0.999914 0.012654 -0.00278633 -0.012645 0.999916 -0.683987 1.17615 -4.8285
FixedParameters: 0 0 0

#Transform 165
Transform: AffineTransform_float_3_3
Parameters: 0.999989 -0.0039429 0.00281752 0.00391011 0.999925 0.0115892 -0.00286249 -0.0115779 0.999929 -0.902359 0.848053 -4.40249
FixedParameters: 0 0 0

#Transform 166
Transform: AffineTransform_float_3_3
Parameters: 0.999987 -0.00438784 0.00244162 0.00436015 0.999926 0.0112938 -0.00249138 -0.0112832 0.999933 -1.13174 0.609549 -4.35009
FixedParameters: 0 0 0

#Transform 167
Transform: AffineTransform_float_3_3
Parameters: 0.999988 -0.004483 0.00170336 0.00446499 0.999935 0.0104277 -0.00175064 -0.0104203 0.999944 -1.27065 0.543421 -4.25361
FixedParameters: 0 0 0

#Transform 168
Transform: AffineTransform_float_3_3
Parameters: 0.999988 -0.00449046 0.00202959 0.00446454 0.999914 0.0123792 -0.00208541 -0.0123698 0.999922 -1.23883 0.667264 -4.86748
FixedParameters: 0 0 0

#Transform 169
Transform: AffineTransform_float_3_3
Parameters: 0.999989 -0.00434452 0.0018136 0.00432347 0.999929 0.011171 -0.0018624 -0.011163 0.999936 -1.18705 0.677786 -4.52029
FixedParameters: 0 0 0

#Transform 170
Transform: AffineTransform_float_3_3
Parameters: 0.999988 -0.00460927 0.00169589 0.00458973 0.99992 0.0117679 -0.00175012 -0.0117601 0.99993 -1.34095 0.576316 -4.74996
FixedParameters: 0 0 0

#Transform 171
Transform: AffineTransform_float_3_3
Parameters: 0.999989 -0.00428553 0.00189505 0.00426447 0.999928 0.0112212 -0.00194296 -0.0112128 0.999935 -1.20751 0.660711 -4.54952
FixedParameters: 0 0 0

#Transform 172
Transform: AffineTransform_float_3_3
Parameters: 0.999988 -0.00439767 0.0021001 0.00437333 0.999923 0.0116103 -0.0021509 -0.0116007 0.999931 -1.2326 0.632283 -4.60115
FixedParameters: 0 0 0

#Transform 173
Transform: AffineTransform_float_3_3
Parameters: 0.999988 -0.00426454 0.00232454 0.00424047 0.999937 0.010459 -0.00236846 -0.010449 0.999942 -1.10089 0.570155 -4.10339
FixedParameters: 0 0 0

#Transform 174
Transform: AffineTransform_float_3_3
Parameters: 0.999986 -0.00443151 0.00268772 0.00440048 0.999923 0.011619 -0.00273929 -0.011607 0.999929 -1.11522 0.598882 -4.41935
FixedParameters: 0 0 0

#Transform 175
Transform: AffineTransform_float_3_3
Parameters: 0.999987 -0.00426853 0.00254779 0.00424046 0.99993 0.0111019 -0.00259521 -0.0110911 0.999935 -1.0644 0.663773 -4.32771
FixedParameters: 0 0 0

#Transform 176
Transform: AffineTransform_float_3_3
Parameters: 0.999987 -0.00470393 0.00195949 0.00468308 0.999934 0.0105533 -0.00200851 -0.0105437 0.999943 -1.37018 0.39239 -4.17809
FixedParameters: 0 0 0

#Transform 177
Transform: AffineTransform_float_3_3
Parameters: 0.999989 -0.00455526 0.00154574 0.00453974 0.999943 0.00973514 -0.00159026 -0.00972788 0.999952 -1.34301 0.355868 -3.99449
FixedParameters: 0 0 0

#Transform 178
Transform: AffineTransform_float_3_3
Parameters: 0.999987 -0.00491493 0.00125209 0.00490308 0.999944 0.00935627 -0.00129792 -0.00934975 0.999956 -1.51957 0.187818 -3.88419
FixedParameters: 0 0 0

#Transform 179
Transform: AffineTransform_float_3_3
Parameters: 0.999985 -0.00533501 0.00124772 0.005323 0.999942 0.00943778 -0.00129728 -0.00943122 0.999954 -1.71484 0.0745347 -4.02681
FixedParameters: 0 0 0

#Transform 180
Transform: AffineTransform_float_3_3
Parameters: 0.999985 -0.00493286 0.0026328 0.00490314 0.999925 0.0112311 -0.00268821 -0.0112179 0.999934 -1.31307 0.435586 -4.29455
FixedParameters: 0 0 0

#Transform 181
Transform: AffineTransform_float_3_3
Parameters: 0.99998 -0.00529575 0.00342176 0.00525426 0.999917 0.0118072 -0.00348424 -0.0117898 0.999925 -1.2911 0.542815 -4.39804
FixedParameters: 0 0 0

#Transform 182
Transform: AffineTransform_float_3_3
Parameters: 0.99994 -0.00570229 0.009289 0.00553071 0.999816 0.0183625 -0.009392 -0.0183105 0.999788 -0.430681 1.41073 -5.34524
FixedParameters: 0 0 0

#Transform 183
Transform: AffineTransform_float_3_3
Parameters: 0.999418 -0.011704 0.0320578 0.010894 0.99962 0.025326 -0.0323412 -0.024962 0.999165 1.83157 1.12926 -1.95136
FixedParameters: 0 0 0

#Transform 184
Transform: AffineTransform_float_3_3
Parameters: 0.999678 -0.0128178 0.0219314 0.0123792 0.999723 0.0200279 -0.0221816 -0.01975 0.999559 -0.448536 -0.160687 -2.60415
FixedParameters: 0 0 0

#Transform 185
Transform: AffineTransform_float_3_3
Parameters: 0.999642 -0.0132874 0.0232126 0.0127865 0.999685 0.0215765 -0.0234924 -0.0212714 0.999497 -0.342154 -0.0471036 -2.83354
FixedParameters: 0 0 0

#Transform 186
Transform: AffineTransform_float_3_3
Parameters: 0.999647 -0.0132832 0.0230375 0.0127878 0.999687 0.0215102 -0.0233155 -0.0212078 0.999503 -0.341654 -0.0062649 -2.81489
FixedParameters: 0 0 0

#Transform 187
Transform: AffineTransform_float_3_3
Parameters: 0.999635 -0.0129131 0.0237047 0.0123789 0.99967 0.0225417 -0.0239882 -0.0222403 0.999465 -0.102236 0.232427 -3.04913
FixedParameters: 0 0 0

#Transform 188
Transform: AffineTransform_float_3_3
Parameters: 0.999648 -0.0132749 0.02297 0.0127891 0.999694 0.0211712 -0.023244 -0.0208708 0.999512 -0.354892 -0.00672479 -2.7795
FixedParameters: 0 0 0

#Transform 189
Transform: AffineTransform_float_3_3
Parameters: 0.999641 -0.0128009 0.0235682 0.0122621 0.999664 0.0228692 -0.0238528 -0.0225718 0.99946 -0.096712 0.282181 -3.33978
FixedParameters: 0 0 0

#Transform 190
Transform: AffineTransform_float_3_3
Parameters: 0.999649 -0.012698 0.0232488 0.012196 0.999692 0.0216081 -0.0235162 -0.0213169 0.999496 -0.1274 0.219338 -2.92747
FixedParameters: 0 0 0

#Transform 191
Transform: AffineTransform_float_3_3
Parameters: 0.99965 -0.0128616 0.0231474 0.0123434 0.999672 0.0224096 -0.0234287 -0.0221164 0.999481 -0.195513 0.233453 -3.2577
FixedParameters: 0 0 0

#Transform 192
Transform: AffineTransform_float_3_3
