#Insight Transform File V1.0
#Transform 0
Transform: AffineTransform_float_3_3
Parameters: 0.999997 -0.00246654 -0.0010886 0.00246846 0.999995 0.00226632 0.0010834 -0.00226968 0.999997 -0.989359 -0.470107 -1.11509
FixedParameters: 0 0 0

#Transform 1
Transform: AffineTransform_float_3_3
Parameters: 0.999996 -0.00248803 -0.00134679 0.00248897 0.999996 0.00071965 0.0013452 -0.000723349 0.999999 -1.03823 -0.516096 -0.683026
FixedParameters: 0 0 0

#Transform 2
Transform: AffineTransform_float_3_3
Parameters: 0.999997 -0.00211336 -0.00139449 0.00211464 0.999997 0.00117506 0.00139251 -0.00117795 0.999999 -0.917235 -0.485563 -0.876437
FixedParameters: 0 0 0

#Transform 3
Transform: AffineTransform_float_3_3
Parameters: 0.999997 -0.00164875 -0.00141264 0.00165126 0.999998 0.00159667 0.00141036 -0.00159833 0.999997 -0.742958 -0.352286 -1.01647
FixedParameters: 0 0 0

#Transform 4
Transform: AffineTransform_float_3_3
Parameters: 0.999999 -0.00146573 -0.00100339 0.00146627 0.999999 0.000263529 0.00100361 -0.000265472 1 -0.607624 -0.248523 -0.406545
FixedParameters: 0 0 0

#Transform 5
Transform: AffineTransform_float_3_3
Parameters: 0.999998 -0.00118141 -0.00116162 0.00118259 0.999999 0.00136963 0.00115938 -0.00137137 0.999999 -0.538775 -0.269229 -0.855085
FixedParameters: 0 0 0

#Transform 6
Transform: AffineTransform_float_3_3
Parameters: 0.999999 -0.00136137 -0.000794087 0.00136163 0.999999 0.00079792 0.000792914 -0.000798081 1 -0.562738 -0.244016 -0.573313
FixedParameters: 0 0 0

#Transform 7
Transform: AffineTransform_float_3_3
Parameters: 0.999999 -0.00147407 -0.00047078 0.00147493 0.999999 -0.000149695 0.000471221 0.000149306 1 -0.57008 -0.304531 -0.120158
FixedParameters: 0 0 0

#Transform 8
Transform: AffineTransform_float_3_3
Parameters: 0.999999 -0.00127419 -0.000625655 0.00127481 0.999999 0.0012982 0.000623345 -0.0012988 0.999999 -0.513575 -0.27806 -0.684423
FixedParameters: 0 0 0

#Transform 9
Transform: AffineTransform_float_3_3
Parameters: 0.999998 -0.00147378 -0.000624518 0.00147422 0.999999 0.00035108 0.000623482 -0.000351919 0.999999 -0.604808 -0.275755 -0.358871
FixedParameters: 0 0 0

#Transform 10
Transform: AffineTransform_float_3_3
Parameters: 0.999999 -0.00130297 -0.00020621 0.00130303 0.999999 0.000160731 0.00020579 -0.000161268 1 -0.488514 -0.239104 -0.149968
FixedParameters: 0 0 0

#Transform 11
Transform: AffineTransform_float_3_3
Parameters: 0.999999 -0.000799938 -5.58888e-05 0.000800062 0.999999 0.00111096 5.51112e-05 -0.00111104 1 -0.263867 -0.164592 -0.449351
FixedParameters: 0 0 0

#Transform 12
Transform: AffineTransform_float_3_3
Parameters: 0.999999 -0.000904159 -0.000393634 0.000904841 1 -0.000404357 0.000393365 0.000403645 1 -0.379468 -0.158472 -0.00791883
FixedParameters: 0 0 0

#Transform 13
Transform: AffineTransform_float_3_3
Parameters: 0.999999 -0.000610519 -0.000658445 0.00061148 0.999999 0.000729597 0.000658553 -0.000730402 0.999999 -0.290429 -0.13091 -0.471825
FixedParameters: 0 0 0

#Transform 14
Transform: AffineTransform_float_3_3
Parameters: 0.999999 -0.000610602 -0.000446545 0.000611398 1 0.000891728 0.000445455 -0.000891273 1 -0.271622 -0.0553356 -0.495427
FixedParameters: 0 0 0

#Transform 15
Transform: AffineTransform_float_3_3
Parameters: 0.999999 -0.000611288 -0.000431593 0.000610712 0.999999 -0.000666263 0.000432407 0.000666735 0.999999 -0.302925 -0.0909611 0.0947285
FixedParameters: 0 0 0

#Transform 16
Transform: AffineTransform_float_3_3
Parameters: 1 -0.000240943 -5.82356e-05 0.000240056 0.999999 0.000977985 5.77652e-05 -0.000978013 0.999999 -0.0938016 -0.0332778 -0.394065
FixedParameters: 0 0 0

#Transform 17
Transform: AffineTransform_float_3_3
Parameters: 1 -1.68708e-05 -0.000119018 1.71292e-05 1 0.001086 0.000118982 -0.001086 1 -0.0147668 0.119647 -0.482885
FixedParameters: 0 0 0

#Transform 18
Transform: AffineTransform_float_3_3
Parameters: 1 -0.000416199 -0.000368775 0.0004158 1 -0.000540153 0.000369224 0.000539846 1 -0.219951 -0.00384699 0.0555278
FixedParameters: 0 0 0

#Transform 19
Transform: AffineTransform_float_3_3
Parameters: 1 5.30252e-05 -0.000118989 -5.29748e-05 1 0.000212006 0.000119011 -0.000211994 1 0.0036513 -0.0400765 -0.109992
FixedParameters: 0 0 0

#Transform 20
Transform: AffineTransform_float_3_3
Parameters: 1 5.29879e-05 -0.000119005 -5.30121e-05 1 -0.000101994 0.000118995 0.000102006 1 0.0121369 -0.0114258 0.0069771
FixedParameters: 0 0 0

#Transform 21
Transform: AffineTransform_float_3_3
Parameters: 1 -0.000235063 -0.000118876 0.000234937 1 -0.000529028 0.000119125 0.000529972 1 -0.121601 -0.0657253 0.17187
FixedParameters: 0 0 0

#Transform 22
Transform: AffineTransform_float_3_3
Parameters: 1 5.2973e-05 3.60397e-05 -5.30269e-05 0.999999 0.000748998 -3.59603e-05 -0.000749001 0.999999 0.0181407 -0.00659534 -0.258147
FixedParameters: 0 0 0

#Transform 23
Transform: AffineTransform_float_3_3
Parameters: 1 -0.000205734 0.000404135 0.000206266 1 -0.000658916 -0.000403864 0.000659083 0.999999 -0.0504475 0.00730076 0.341864
FixedParameters: 0 0 0

#Transform 24
Transform: AffineTransform_float_3_3
Parameters: 1 1.80608e-06 0.000404001 -2.19392e-06 1 0.000479999 -0.000403999 -0.000480001 1 0.0176668 -0.00499305 -0.0970364
FixedParameters: 0 0 0

#Transform 25
Transform: AffineTransform_float_3_3
Parameters: 1 0.000227951 0.000170066 -0.000228049 1 0.000289961 -0.000169934 -0.000290039 1 0.0777044 0.0603089 -0.0958388
FixedParameters: 0 0 0

#Transform 26
Transform: AffineTransform_float_3_3
Parameters: 1 -0.000135681 0.000448097 0.000136319 0.999999 -0.000711939 -0.000447903 0.00071206 0.999999 -0.0332031 0.00939316 0.366076
FixedParameters: 0 0 0

#Transform 27
Transform: AffineTransform_float_3_3
Parameters: 1 0.000181719 0.000344148 -0.00018228 0.999999 0.000814937 -0.000343851 -0.000815062 0.999999 0.083966 0.0340136 -0.23013
FixedParameters: 0 0 0

#Transform 28
Transform: AffineTransform_float_3_3
Parameters: 1 0.000253829 0.000410105 -0.00025417 1 0.000415896 -0.000409894 -0.000416104 1 0.113825 0.143632 -0.104195
FixedParameters: 0 0 0

#Transform 29
Transform: AffineTransform_float_3_3
Parameters: 1 5.32249e-05 0.000343965 -5.2775e-05 1 -0.000654018 -0.000344034 0.000653981 0.999999 0.00975936 0.0354683 0.298656
FixedParameters: 0 0 0

#Transform 30
Transform: AffineTransform_float_3_3
Parameters: 1 0.000361693 0.000344322 -0.000362306 0.999999 0.000889875 -0.000343677 -0.000890124 0.999999 0.136426 0.0929981 -0.277958
FixedParameters: 0 0 0

#Transform 31
Transform: AffineTransform_float_3_3
Parameters: 1 0.000312972 0.000540016 -0.000313028 1 5.1831e-05 -0.000539984 -5.1169e-05 1 0.129183 0.148339 0.063013
FixedParameters: 0 0 0

#Transform 32
Transform: AffineTransform_float_3_3
Parameters: 1 5.33601e-05 0.000435956 -5.26398e-05 0.999999 -0.000826022 -0.000436043 0.000825976 0.999999 0.0118025 0.0117207 0.40268
FixedParameters: 0 0 0

#Transform 33
Transform: AffineTransform_float_3_3
Parameters: 1 0.000413494 0.00043648 -0.000414505 0.999999 0.00115882 -0.00043552 -0.00115918 0.999999 0.147476 0.101069 -0.331099
FixedParameters: 0 0 0

#Transform 34
Transform: AffineTransform_float_3_3
Parameters: 0.999999 0.000594158 0.000435784 -0.000593842 1 -0.000363259 -0.000435215 0.000362741 1 0.237717 0.242007 0.202311
FixedParameters: 0 0 0

#Transform 35
Transform: AffineTransform_float_3_3
Parameters: 0.999999 0.000550001 0.000506999 -0.000549999 1 -2.27885e-06 -0.000507001 1.72115e-06 1 0.227837 0.134068 0.158323
FixedParameters: 0 0 0

#Transform 36
Transform: AffineTransform_float_3_3
Parameters: 1 0.000888733 0.000436546 -0.000888268 1 0.000613613 -0.000435456 -0.000613387 0.999999 0.345554 0.24988 -0.152745
FixedParameters: 0 0 0

#Transform 37
Transform: AffineTransform_float_3_3
Parameters: 1 0.000426376 0.000435632 -0.000425624 0.999999 -0.000863185 -0.000435367 0.000862814 0.999999 0.152968 0.165434 0.425661
FixedParameters: 0 0 0

#Transform 38
Transform: AffineTransform_float_3_3
Parameters: 1 0.000888786 0.000436437 -0.000888215 1 0.000491613 -0.000435563 -0.000492387 1 0.353258 0.187077 -0.0626091
FixedParameters: 0 0 0

#Transform 39
Transform: AffineTransform_float_3_3
Parameters: 0.999999 0.000888993 0.000927007 -0.000889007 0.999999 7.17588e-06 -0.000926993 -7.82409e-06 0.999999 0.417691 0.269129 0.235164
FixedParameters: 0 0 0

#Transform 40
Transform: AffineTransform_float_3_3
Parameters: 1 0.000593544 0.0010667 -0.000592456 0.999999 -0.000509632 -0.0010673 0.000509367 1 0.300143 0.203421 0.481917
FixedParameters: 0 0 0

#Transform 41
Transform: AffineTransform_float_3_3
Parameters: 0.999999 0.000888351 0.00106754 -0.00088865 1 0.000608052 -0.00106646 -0.000608948 0.999999 0.438024 0.197623 0.100953
FixedParameters: 0 0 0

#Transform 42
Transform: AffineTransform_float_3_3
Parameters: 0.999999 0.000888706 0.00106725 -0.000888294 0.999999 0.000275052 -0.00106676 -0.000275948 1 0.417434 0.335894 0.162695
FixedParameters: 0 0 0

#Transform 43
Transform: AffineTransform_float_3_3
Parameters: 0.999999 0.000889348 0.00106671 -0.00088865 0.999999 -0.000327948 -0.00106729 0.000326051 1 0.413855 0.31267 0.399234
FixedParameters: 0 0 0

#Transform 44
Transform: AffineTransform_float_3_3
Parameters: 0.999998 0.00105456 0.00125222 -0.00105544 0.999999 0.00115268 -0.00125078 -0.00115332 0.999998 0.506736 0.299211 -0.0885049
FixedParameters: 0 0 0

#Transform 45
Transform: AffineTransform_float_3_3
Parameters: 0.999999 0.000889918 0.00115029 -0.000889083 1 -0.000798024 -0.00115071 0.000796977 0.999999 0.421674 0.271012 0.615168
FixedParameters: 0 0 0

#Transform 46
Transform: AffineTransform_float_3_3
Parameters: 0.999999 0.000889383 0.00106668 -0.000888616 0.999999 -0.000359948 -0.00106732 0.000359051 1 0.420562 0.177953 0.445172
FixedParameters: 0 0 0

#Transform 47
Transform: AffineTransform_float_3_3
Parameters: 0.999999 0.000552988 0.00062001 -0.000553011 1 1.76571e-05 -0.00061999 -1.83428e-05 1 0.223999 0.102945 0.150021
FixedParameters: 0 0 0

#Transform 48
Transform: AffineTransform_float_3_3
Parameters: 1 0.000888845 0.000620221 -0.000888154 0.999999 0.000248449 -0.000619779 -0.000249551 1 0.36106 0.216006 0.0671822
FixedParameters: 0 0 0

#Transform 49
Transform: AffineTransform_float_3_3
Parameters: 1 0.000889196 0.000619718 -0.000888803 0.999999 -0.000317551 -0.000620282 0.000316448 1 0.347719 0.232704 0.257001
FixedParameters: 0 0 0

#Transform 50
Transform: AffineTransform_float_3_3
Parameters: 0.999999 0.000977338 0.000883733 -0.000977663 0.999999 0.000749137 -0.000883268 -0.000749864 1 0.412566 0.27528 -0.0919092
FixedParameters: 0 0 0

#Transform 51
Transform: AffineTransform_float_3_3
Parameters: 0.999999 0.000889103 0.000891897 -0.000888897 0.999999 -0.000115793 -0.000891103 0.000115208 0.999999 0.37159 0.270863 0.285842
FixedParameters: 0 0 0

#Transform 52
Transform: AffineTransform_float_3_3
Parameters: 0.999999 0.00136457 0.000696838 -0.00136543 0.999999 0.000614049 -0.000696161 -0.00061495 0.999999 0.544045 0.401724 -0.084835
FixedParameters: 0 0 0

#Transform 53
Transform: AffineTransform_float_3_3
Parameters: 0.999999 0.00120063 0.000811549 -0.00120037 0.999999 0.000457026 -0.000810451 -0.000457973 0.999999 0.492469 0.364068 0.0430765
FixedParameters: 0 0 0

#Transform 54
Transform: AffineTransform_float_3_3
Parameters: 0.999999 0.00129123 0.000784618 -0.00129077 0.999999 -0.000296013 -0.000785381 0.000294986 0.999999 0.536982 0.374373 0.304759
FixedParameters: 0 0 0

#Transform 55
Transform: AffineTransform_float_3_3
Parameters: 0.999999 0.00158168 0.000770663 -0.00158232 0.999998 0.000418781 -0.000769336 -0.000420217 0.999999 0.645356 0.414751 0.043227
FixedParameters: 0 0 0

#Transform 56
Transform: AffineTransform_float_3_3
Parameters: 0.999999 0.00127204 0.000674925 -0.00127196 0.999999 -5.88585e-05 -0.000675074 5.81413e-05 1 0.523079 0.388569 0.215056
FixedParameters: 0 0 0

#Transform 57
Transform: AffineTransform_float_3_3
Parameters: 0.999998 0.00158184 0.000620397 -0.00158215 0.999998 0.000251019 -0.000619602 -0.00025198 1 0.623638 0.462841 0.0289023
FixedParameters: 0 0 0

#Transform 58
Transform: AffineTransform_float_3_3
Parameters: 0.999998 0.00150158 0.000621019 -0.00150142 0.999998 0.000678068 -0.000619981 -0.000678931 0.999999 0.590085 0.452661 -0.109123
FixedParameters: 0 0 0

#Transform 59
Transform: AffineTransform_float_3_3
Parameters: 0.999998 0.00158218 0.00102373 -0.00158182 0.999998 -0.00017362 -0.00102427 0.00017138 1 0.665338 0.461901 0.31131
FixedParameters: 0 0 0

#Transform 60
Transform: AffineTransform_float_3_3
Parameters: 0.999998 0.00182648 0.000658439 -0.00182752 0.999998 0.000786799 -0.000656561 -0.000788201 1 0.716846 0.535202 -0.122124
FixedParameters: 0 0 0

#Transform 61
Transform: AffineTransform_float_3_3
Parameters: 0.999998 0.00158219 0.00065653 -0.0015818 0.999998 -0.000297039 -0.000656469 0.000295962 0.999999 0.608627 0.514666 0.24339
FixedParameters: 0 0 0

#Transform 62
Transform: AffineTransform_float_3_3
Parameters: 0.999998 0.00182565 0.000657963 -0.00182635 0.999998 0.000526799 -0.000657036 -0.0005282 0.999999 0.696096 0.49578 -0.0100441
FixedParameters: 0 0 0

#Transform 63
Transform: AffineTransform_float_3_3
Parameters: 0.999998 0.00158203 0.000595921 -0.00158197 0.999998 -4.99428e-05 -0.000596078 4.9057e-05 1 0.584131 0.531457 0.129622
FixedParameters: 0 0 0

#Transform 64
Transform: AffineTransform_float_3_3
Parameters: 0.999995 0.00302179 -0.000634868 -0.00301921 0.999986 0.00434894 0.000648134 -0.00434706 0.999991 0.868769 1.54306 -1.67191
FixedParameters: 0 0 0

#Transform 65
Transform: AffineTransform_float_3_3
Parameters: 0.999994 0.00340177 -0.00085291 -0.00340122 0.999994 0.000909907 0.000855087 -0.000906097 0.999999 0.995857 1.22106 -0.555822
FixedParameters: 0 0 0

#Transform 66
Transform: AffineTransform_float_3_3
Parameters: 0.999994 0.00337603 -0.000349721 -0.00337597 0.999995 8.31811e-05 0.000350278 -8.18179e-05 1 1.05879 1.16211 -0.0976692
FixedParameters: 0 0 0

#Transform 67
Transform: AffineTransform_float_3_3
Parameters: 0.999993 0.00357597 6.46982e-05 -0.00357603 0.999993 0.000474771 -6.2301e-05 -0.000475226 1 1.20269 1.12333 -0.177291
FixedParameters: 0 0 0

#Transform 68
Transform: AffineTransform_float_3_3
Parameters: 0.999995 0.00311147 0.000406398 -0.00311053 0.999994 -0.00115827 -0.0004096 0.00115673 0.999999 1.05922 0.966725 0.55779
FixedParameters: 0 0 0

#Transform 69
Transform: AffineTransform_float_3_3
Parameters: 0.999993 0.00380883 0.000653986 -0.00380817 0.999992 0.000257511 -0.000653013 -0.000260489 1 1.41117 1.07429 0.0977235
FixedParameters: 0 0 0

#Transform 70
Transform: AffineTransform_float_3_3
Parameters: 0.999995 0.00323379 0.000834944 -0.00323221 0.999995 -0.000946704 -0.000838057 0.000944296 0.999999 1.19412 0.988176 0.575706
FixedParameters: 0 0 0

#Transform 71
Transform: AffineTransform_float_3_3
Parameters: 0.999993 0.00368206 0.00112353 -0.00368094 0.999993 -0.000944142 -0.00112747 0.000940855 0.999999 1.40231 1.0245 0.707825
FixedParameters: 0 0 0

#Transform 72
Transform: AffineTransform_float_3_3
Parameters: 0.999992 0.00406628 0.000844635 -0.00406572 0.999991 -0.000337437 -0.000845363 0.000333565 0.999999 1.53567 1.0808 0.384448
FixedParameters: 0 0 0

#Transform 73
Transform: AffineTransform_float_3_3
Parameters: 0.999993 0.00363964 0.000990989 -0.00363736 0.999992 -0.00165362 -0.000997007 0.00164938 0.999998 1.38266 1.05935 0.876964
FixedParameters: 0 0 0

#Transform 74
Transform: AffineTransform_float_3_3
Parameters: 0.999991 0.00406693 0.00118082 -0.00406608 0.999992 -0.000783809 -0.00118318 0.000779195 0.999999 1.57138 1.04078 0.668351
FixedParameters: 0 0 0

#Transform 75
Transform: AffineTransform_float_3_3
Parameters: 0.999991 0.00406753 0.00128515 -0.00406647 0.999991 -0.00119424 -0.00128985 0.00118876 0.999999 1.60123 1.08385 0.803121
FixedParameters: 0 0 0

#Transform 76
Transform: AffineTransform_float_3_3
Parameters: 0.999991 0.00406847 0.00154854 -0.00406554 0.999991 -0.00159031 -0.00155545 0.00158369 0.999997 1.65129 1.11149 1.04509
FixedParameters: 0 0 0

#Transform 77
Transform: AffineTransform_float_3_3
Parameters: 0.99999 0.00433522 0.00155159 -0.00433478 0.999991 -0.000789734 -0.00155541 0.000782265 0.999998 1.75076 1.08484 0.742438
FixedParameters: 0 0 0

#Transform 78
Transform: AffineTransform_float_3_3
Parameters: 0.99999 0.00406925 0.00154646 -0.00406574 0.99999 -0.00210231 -0.00155554 0.00209569 0.999996 1.62691 1.08521 1.20963
FixedParameters: 0 0 0

#Transform 79
Transform: AffineTransform_float_3_3
Parameters: 0.999987 0.00487641 0.00142659 -0.00487559 0.999988 -0.000291959 -0.00142841 0.000285038 0.999999 1.93222 1.3182 0.523073
FixedParameters: 0 0 0

#Transform 80
Transform: AffineTransform_float_3_3
Parameters: 0.999989 0.00463801 0.00138363 -0.00463699 0.999989 -0.000730424 -0.00138637 0.000723578 0.999999 1.80494 1.29473 0.621345
FixedParameters: 0 0 0

#Transform 81
Transform: AffineTransform_float_3_3
Parameters: 0.99999 0.00442839 0.00127072 -0.00442662 0.999989 -0.00187365 -0.00127929 0.00186836 0.999998 1.6979 1.22115 1.00064
FixedParameters: 0 0 0

#Transform 82
Transform: AffineTransform_float_3_3
Parameters: 0.999986 0.00500385 0.00134484 -0.00500315 0.999988 -0.000634737 -0.00134815 0.000627263 0.999999 1.95123 1.3036 0.582743
FixedParameters: 0 0 0

#Transform 83
Transform: AffineTransform_float_3_3
Parameters: 0.999988 0.00470656 0.00125618 -0.00470545 0.999988 -0.00123893 -0.00126182 0.00123308 0.999999 1.82023 1.30669 0.750253
FixedParameters: 0 0 0

#Transform 84
Transform: AffineTransform_float_3_3
Parameters: 0.999989 0.0044311 0.00154616 -0.00442891 0.999988 -0.00199887 -0.00155584 0.00199213 0.999997 1.74329 1.26031 1.07094
FixedParameters: 0 0 0

#Transform 85
Transform: AffineTransform_float_3_3
Parameters: 0.999988 0.00484426 0.00132006 -0.00484475 0.999988 -0.000196398 -0.00132094 0.000190604 0.999999 1.88629 1.31756 0.366779
FixedParameters: 0 0 0

#Transform 86
Transform: AffineTransform_float_3_3
Parameters: 0.999986 0.00503895 0.00154866 -0.00503705 0.999986 -0.00126182 -0.00155534 0.00125418 0.999998 2.0067 1.38755 0.812266
FixedParameters: 0 0 0

#Transform 87
Transform: AffineTransform_float_3_3
Parameters: 0.999988 0.00484699 0.00137247 -0.00484401 0.999986 -0.00217567 -0.00138352 0.00216832 0.999996 1.89148 1.32956 1.11992
FixedParameters: 0 0 0

#Transform 88
Transform: AffineTransform_float_3_3
Parameters: 0.999984 0.00535425 0.00155068 -0.00535275 0.999986 -0.000811313 -0.00155532 0.000802685 0.999998 2.13315 1.40949 0.680147
FixedParameters: 0 0 0

#Transform 89
Transform: AffineTransform_float_3_3
Parameters: 0.999984 0.00535525 0.00142254 -0.00535275 0.999985 -0.00158364 -0.00143145 0.00157536 0.999997 2.11745 1.46055 0.892913
FixedParameters: 0 0 0

#Transform 90
Transform: AffineTransform_float_3_3
Parameters: 0.999985 0.00535575 0.00154551 -0.00535325 0.999984 -0.0017763 -0.00155549 0.0017687 0.999997 2.10466 1.51031 1.00554
FixedParameters: 0 0 0

#Transform 91
Transform: AffineTransform_float_3_3
Parameters: 0.999982 0.00579627 0.00155774 -0.00579674 0.999983 0.000467979 -0.00155526 -0.000477023 0.999998 2.28961 1.68895 0.182925
FixedParameters: 0 0 0

#Transform 92
Transform: AffineTransform_float_3_3
Parameters: 0.999983 0.00557986 0.00178019 -0.00557814 0.999984 -0.00104695 -0.00178581 0.00103705 0.999998 2.2474 1.62412 0.790526
FixedParameters: 0 0 0

#Transform 93
Transform: AffineTransform_float_3_3
Parameters: 0.999982 0.00577426 0.0014811 -0.00577374 0.999983 -0.000852566 -0.00148589 0.000843435 0.999998 2.30305 1.6531 0.674162
FixedParameters: 0 0 0

#Transform 94
Transform: AffineTransform_float_3_3
Parameters: 0.999982 0.00580998 0.00155132 -0.00580902 0.999983 -0.000637023 -0.00155567 0.000627973 0.999998 2.32813 1.66345 0.591944
FixedParameters: 0 0 0

#Transform 95
Transform: AffineTransform_float_3_3
Parameters: 0.999982 0.00583511 0.00175331 -0.00583389 0.999983 -0.00063824 -0.0017567 0.000628761 0.999999 2.3838 1.75074 0.670611
FixedParameters: 0 0 0

#Transform 96
Transform: AffineTransform_float_3_3
Parameters: 0.999981 0.00597242 0.00155338 -0.00597158 0.999982 -0.000275281 -0.00155561 0.000265714 0.999999 2.39639 1.76781 0.455706
FixedParameters: 0 0 0

#Transform 97
Transform: AffineTransform_float_3_3
Parameters: 0.999981 0.00583968 0.00189885 -0.00583832 0.999982 -0.000888102 -0.00190315 0.000876902 0.999998 2.39207 1.70377 0.84789
FixedParameters: 0 0 0

#Transform 98
Transform: AffineTransform_float_3_3
Parameters: 0.999981 0.00583941 0.00190668 -0.00583759 0.999982 -0.000746144 -0.00191132 0.000734853 0.999998 2.3928 1.68501 0.75573
FixedParameters: 0 0 0

#Transform 99
Transform: AffineTransform_float_3_3
Parameters: 0.999981 0.00583824 0.00166116 -0.00583776 0.999983 -0.0001487 -0.00166184 0.0001393 0.999998 2.37665 1.76428 0.504104
FixedParameters: 0 0 0

#Transform 100
Transform: AffineTransform_float_3_3
Parameters: 0.999981 0.00583905 0.00155103 -0.00583794 0.999982 -0.000685067 -0.00155497 0.000675932 0.999998 2.37715 1.7268 0.63847
FixedParameters: 0 0 0

#Transform 101
Transform: AffineTransform_float_3_3
Parameters: 0.999981 0.00583995 0.00154765 -0.00583805 0.999982 -0.00126306 -0.00155535 0.00125394 0.999998 2.38193 1.69661 0.895122
FixedParameters: 0 0 0

#Transform 102
Transform: AffineTransform_float_3_3
Parameters: 0.999981 0.00583914 0.0015507 -0.00583785 0.999982 -0.000741066 -0.0015553 0.000731931 0.999998 2.40046 1.63719 0.685518
FixedParameters: 0 0 0

#Transform 103
Transform: AffineTransform_float_3_3
Parameters: 0.999985 0.00525489 0.00102946 -0.00525411 0.999986 -0.000866421 -0.00103454 0.000860576 0.999999 2.09784 1.50533 0.607554
FixedParameters: 0 0 0

#Transform 104
Transform: AffineTransform_float_3_3
Parameters: 0.999985 0.00525614 0.00137184 -0.00525486 0.999985 -0.00155623 -0.00138016 0.00154877 0.999998 2.14862 1.43709 0.955568
FixedParameters: 0 0 0

#Transform 105
Transform: AffineTransform_float_3_3
Parameters: 0.999984 0.00547353 0.00102616 -0.00547346 0.999985 -0.000521625 -0.00102884 0.000516377 1 2.21458 1.53825 0.456745
FixedParameters: 0 0 0

#Transform 106
Transform: AffineTransform_float_3_3
Parameters: 0.999984 0.00559523 0.00102226 -0.00559376 0.999983 -0.00120674 -0.00102873 0.00120026 0.999998 2.23912 1.55071 0.774615
FixedParameters: 0 0 0

#Transform 107
Transform: AffineTransform_float_3_3
Parameters: 0.999984 0.00546543 0.00102137 -0.00546357 0.999984 -0.0013986 -0.00102862 0.0013924 0.999999 2.18465 1.47012 0.823689
FixedParameters: 0 0 0

#Transform 108
Transform: AffineTransform_float_3_3
Parameters: 0.999981 0.00608329 0.00114045 -0.00608271 0.999982 -0.000257942 -0.00114155 0.000251061 1 2.44589 1.70701 0.429362
FixedParameters: 0 0 0

#Transform 109
Transform: AffineTransform_float_3_3
Parameters: 0.999981 0.00597216 0.00140585 -0.00596984 0.999981 -0.00153642 -0.00141515 0.00152858 0.999998 2.40438 1.6419 0.995479
FixedParameters: 0 0 0

#Transform 110
Transform: AffineTransform_float_3_3
Parameters: 0.999979 0.00632094 0.00137769 -0.00632006 0.99998 -0.000685721 -0.0013813 0.000676283 0.999999 2.54797 1.75086 0.656178
FixedParameters: 0 0 0

#Transform 111
Transform: AffineTransform_float_3_3
Parameters: 0.999979 0.00632154 0.00145232 -0.00631946 0.99998 -0.0010622 -0.00145868 0.0010528 0.999999 2.55741 1.77906 0.847631
FixedParameters: 0 0 0

#Transform 112
Transform: AffineTransform_float_3_3
Parameters: 0.999978 0.00646173 0.00145136 -0.00646028 0.999979 -0.0011874 -0.00145865 0.0011786 0.999998 2.59703 1.80143 0.847391
FixedParameters: 0 0 0

#Transform 113
Transform: AffineTransform_float_3_3
Parameters: 0.999979 0.00639897 0.00145477 -0.00639704 0.99998 -0.000665321 -0.00145822 0.000655683 0.999998 2.55947 1.81241 0.674673
FixedParameters: 0 0 0

#Transform 114
Transform: AffineTransform_float_3_3
Parameters: 0.999975 0.00681618 0.00144875 -0.00681381 0.999975 -0.00150891 -0.00145825 0.0014991 0.999998 2.73918 1.89796 0.981599
FixedParameters: 0 0 0

#Transform 115
Transform: AffineTransform_float_3_3
Parameters: 0.999977 0.00681471 0.000941929 -0.0068143 0.999977 -0.000747437 -0.000946076 0.000741571 1 2.67054 1.88234 0.582276
FixedParameters: 0 0 0

#Transform 116
Transform: AffineTransform_float_3_3
Parameters: 0.999979 0.00634935 0.00144874 -0.00634665 0.999978 -0.00162123 -0.00145826 0.00161177 0.999997 2.55675 1.75324 1.06225
FixedParameters: 0 0 0

#Transform 117
Transform: AffineTransform_float_3_3
Parameters: 0.999977 0.0067125 0.00145211 -0.00671051 0.999977 -0.00103177 -0.00145889 0.00102123 0.999999 2.73367 1.8157 0.816213
FixedParameters: 0 0 0

#Transform 118
Transform: AffineTransform_float_3_3
Parameters: 0.999978 0.00634855 0.00150748 -0.00634645 0.99998 -0.00103159 -0.00151451 0.00102141 0.999999 2.601 1.74968 0.872772
FixedParameters: 0 0 0

#Transform 119
Transform: AffineTransform_float_3_3
Parameters: 0.999979 0.00634902 0.00109334 -0.00634698 0.999978 -0.00183998 -0.00110566 0.00183302 0.999997 2.54062 1.69509 1.03087
FixedParameters: 0 0 0

#Transform 120
Transform: AffineTransform_float_3_3
Parameters: 0.999979 0.00624233 0.00135288 -0.00624067 0.99998 -0.000984463 -0.00135911 0.000975536 0.999998 2.54669 1.66409 0.795815
FixedParameters: 0 0 0

#Transform 121
Transform: AffineTransform_float_3_3
Parameters: 0.999979 0.00634982 0.00144667 -0.00634718 0.999978 -0.00194622 -0.00145833 0.00193678 0.999997 2.59285 1.65398 1.23431
FixedParameters: 0 0 0

#Transform 122
Transform: AffineTransform_float_3_3
Parameters: 0.999979 0.00634938 0.0011924 -0.00634662 0.999978 -0.00198861 -0.0012046 0.00198139 0.999998 2.53546 1.629 1.11651
FixedParameters: 0 0 0

#Transform 123
Transform: AffineTransform_float_3_3
Parameters: 0.999979 0.00634769 0.0013718 -0.00634731 0.999979 -0.000507718 -0.0013752 0.000499281 0.999999 2.56932 1.73916 0.588513
FixedParameters: 0 0 0

#Transform 124
Transform: AffineTransform_float_3_3
Parameters: 0.999982 0.00569848 0.0014493 -0.00569652 0.999983 -0.00170729 -0.00145871 0.00169972 0.999998 2.32425 1.55211 1.08029
FixedParameters: 0 0 0

#Transform 125
Transform: AffineTransform_float_3_3
Parameters: 0.999982 0.00585289 0.00145139 -0.00585111 0.999982 -0.00130452 -0.00145861 0.00129549 0.999998 2.38983 1.48287 0.953732
FixedParameters: 0 0 0

#Transform 126
Transform: AffineTransform_float_3_3
Parameters: 0.999982 0.00569862 0.00144872 -0.00569638 0.999982 -0.00180928 -0.00145829 0.00180172 0.999998 2.33358 1.49133 1.17475
FixedParameters: 0 0 0

#Transform 127
Transform: AffineTransform_float_3_3
Parameters: 0.999983 0.00569817 0.00123506 -0.00569584 0.999982 -0.00174906 -0.00124494 0.00174194 0.999997 2.31702 1.43128 1.07984
FixedParameters: 0 0 0

#Transform 128
Transform: AffineTransform_float_3_3
Parameters: 0.99998 0.00613203 0.00142529 -0.00612997 0.99998 -0.00142577 -0.00143471 0.00141623 0.999998 2.5037 1.56917 1.01121
FixedParameters: 0 0 0

#Transform 129
Transform: AffineTransform_float_3_3
Parameters: 0.999983 0.00562439 0.00166963 -0.00562061 0.999982 -0.00202742 -0.00168137 0.00201858 0.999996 2.32784 1.43901 1.31613
FixedParameters: 0 0 0

#Transform 130
Transform: AffineTransform_float_3_3
Parameters: 0.99998 0.00605382 0.0014432 -0.00605117 0.99998 -0.00195377 -0.0014548 0.00194523 0.999997 2.47376 1.46005 1.21047
FixedParameters: 0 0 0

#Transform 131
Transform: AffineTransform_float_3_3
Parameters: 0.999982 0.00605205 0.000926199 -0.00605096 0.999981 -0.00112663 -0.000932797 0.00112038 0.999999 2.39695 1.55323 0.760825
FixedParameters: 0 0 0

#Transform 132
Transform: AffineTransform_float_3_3
Parameters: 0.999976 0.00675108 0.00108712 -0.00674891 0.999975 -0.00191138 -0.00109988 0.00190462 0.999997 2.67637 1.7402 1.08132
FixedParameters: 0 0 0

#Transform 133
Transform: AffineTransform_float_3_3
Parameters: 0.999976 0.00675167 0.00165213 -0.00674933 0.999976 -0.00161619 -0.00166288 0.00160581 0.999998 2.75781 1.71371 1.09531
FixedParameters: 0 0 0

#Transform 134
Transform: AffineTransform_float_3_3
Parameters: 0.999976 0.00675072 0.00150026 -0.00674927 0.999976 -0.00115115 -0.00150874 0.00114184 0.999998 2.74032 1.78863 0.939277
FixedParameters: 0 0 0

#Transform 135
Transform: AffineTransform_float_3_3
Parameters: 0.999979 0.00628739 0.00118134 -0.00628461 0.999978 -0.00201747 -0.00119366 0.00201054 0.999998 2.49987 1.59142 1.12483
FixedParameters: 0 0 0

#Transform 136
Transform: AffineTransform_float_3_3
Parameters: 0.999976 0.0067498 0.00142023 -0.00674921 0.999977 -0.000563599 -0.00142377 0.000554403 0.999999 2.74017 1.80426 0.652594
FixedParameters: 0 0 0

#Transform 137
Transform: AffineTransform_float_3_3
Parameters: 0.999978 0.00644847 0.00150041 -0.00644553 0.999978 -0.00164671 -0.00151059 0.00163729 0.999997 2.63174 1.72077 1.1113
FixedParameters: 0 0 0

#Transform 138
Transform: AffineTransform_float_3_3
Parameters: 0.999979 0.0062771 0.00165502 -0.00627489 0.999979 -0.00127641 -0.00166298 0.00126559 0.999998 2.58496 1.59518 1.02018
FixedParameters: 0 0 0

#Transform 139
Transform: AffineTransform_float_3_3
Parameters: 0.999979 0.00627701 0.00122472 -0.00627498 0.999979 -0.00164172 -0.00123428 0.00163429 0.999998 2.50697 1.5907 1.06413
FixedParameters: 0 0 0

#Transform 140
Transform: AffineTransform_float_3_3
Parameters: 0.99998 0.00627694 0.000843686 -0.00627506 0.999977 -0.00228334 -0.000858312 0.00227766 0.999997 2.44593 1.54232 1.14928
FixedParameters: 0 0 0

#Transform 141
Transform: AffineTransform_float_3_3
Parameters: 0.999976 0.00679962 0.000659648 -0.00679838 0.999977 -0.000936507 -0.000666348 0.000931492 1 2.6039 1.80925 0.557788
FixedParameters: 0 0 0

#Transform 142
Transform: AffineTransform_float_3_3
Parameters: 0.999978 0.00652704 0.000508753 -0.00652595 0.999976 -0.00203136 -0.000521244 0.00202764 0.999998 2.47933 1.6778 0.92942
FixedParameters: 0 0 0

#Transform 143
Transform: AffineTransform_float_3_3
Parameters: 0.999981 0.00617536 0.000233621 -0.00617564 0.99998 -0.00151947 -0.000242383 0.00151853 0.999999 2.31312 1.51021 0.617692
FixedParameters: 0 0 0

#Transform 144
Transform: AffineTransform_float_3_3
Parameters: 0.999981 0.00613323 -0.000816844 -0.00612877 0.999969 0.0050841 0.000848154 -0.0050789 0.999986 2.00332 2.44137 -2.03022
FixedParameters: 0 0 0

#Transform 145
Transform: AffineTransform_float_3_3
Parameters: 0.999976 0.00682203 -6.15806e-05 -0.00682196 0.999976 0.000501432 6.44164e-05 -0.000500572 1 2.45273 1.96776 -0.130185
FixedParameters: 0 0 0

#Transform 146
Transform: AffineTransform_float_3_3
Parameters: 0.999976 0.00682198 6.39701e-05 -0.00682101 0.999976 0.00028857 -6.2034e-05 -0.00028843 1 2.50309 1.98762 -0.078771
FixedParameters: 0 0 0

#Transform 147
Transform: AffineTransform_float_3_3
Parameters: 0.999981 0.00616801 -4.67346e-05 -0.00616799 0.999981 0.000205292 4.82635e-05 -0.000204706 1 2.23828 1.84947 -0.0864525
FixedParameters: 0 0 0

#Transform 148
Transform: AffineTransform_float_3_3
Parameters: 0.999983 0.00594692 0.000309505 -0.00594708 0.999983 0.000252164 -0.00030749 -0.000254833 1 2.23837 1.69069 0.00500452
FixedParameters: 0 0 0

#Transform 149
Transform: AffineTransform_float_3_3
Parameters: 0.999983 0.00584323 0.000303589 -0.00584277 0.999982 -0.000755786 -0.000307412 0.000754216 0.999999 2.20338 1.6722 0.347714
FixedParameters: 0 0 0

#Transform 150
Transform: AffineTransform_float_3_3
Parameters: 0.99998 0.00623103 0.000307221 -0.00623096 0.99998 -0.000125917 -0.000307773 0.000123085 1 2.38125 1.65197 0.146786
FixedParameters: 0 0 0

#Transform 151
Transform: AffineTransform_float_3_3
Parameters: 0.999983 0.00584361 0.000507067 -0.00584239 0.999982 -0.00118798 -0.000513932 0.00118502 0.999999 2.27245 1.61841 0.564609
FixedParameters: 0 0 0

#Transform 152
Transform: AffineTransform_float_3_3
Parameters: 0.999979 0.0065329 0.000707893 -0.0065331 0.999978 0.000134378 -0.000707103 -0.000139622 0.999999 2.59834 1.75569 0.119279
FixedParameters: 0 0 0

#Transform 153
Transform: AffineTransform_float_3_3
Parameters: 0.99998 0.00619603 0.000609622 -0.00619497 0.99998 -0.00167681 -0.000619378 0.00167319 0.999998 2.43525 1.65388 0.776748
FixedParameters: 0 0 0

#Transform 154
Transform: AffineTransform_float_3_3
Parameters: 0.999978 0.0065542 0.000988622 -0.00655379 0.999978 -0.000213484 -0.000990374 0.000206513 0.999999 2.63939 1.73772 0.333455
FixedParameters: 0 0 0

#Transform 155
Transform: AffineTransform_float_3_3
Parameters: 0.999979 0.00655461 0.000560962 -0.0065544 0.999978 -0.0010757 -0.000568041 0.0010723 1 2.59944 1.78339 0.509374
FixedParameters: 0 0 0

#Transform 156
Transform: AffineTransform_float_3_3
Parameters: 0.999977 0.00672284 0.000569964 -0.00672317 0.999978 0.000290175 -0.000568037 -0.000293826 1 2.66749 1.90788 -0.00020587
FixedParameters: 0 0 0

#Transform 157
Transform: AffineTransform_float_3_3
Parameters: 0.999975 0.00701359 0.000560636 -0.00701341 0.999975 -0.00105196 -0.000568365 0.00104804 1 2.75103 1.91857 0.505391
FixedParameters: 0 0 0

#Transform 158
Transform: AffineTransform_float_3_3
Parameters: 0.99997 0.0078151 0.000566709 -0.00781491 0.99997 -0.000167434 -0.000568288 0.000162564 1 3.05717 2.16026 0.184756
FixedParameters: 0 0 0

#Transform 159
Transform: AffineTransform_float_3_3
Parameters: 0.99997 0.00781605 0.000553368 -0.00781495 0.999967 -0.00187438 -0.000567637 0.00187062 0.999998 3.03221 2.09899 0.839602
FixedParameters: 0 0 0

#Transform 160
Transform: AffineTransform_float_3_3
Parameters: 0.999965 0.00837331 0.000563358 -0.00837268 0.999965 -0.000556736 -0.000567644 0.000552266 0.999999 3.2458 2.23351 0.348792
FixedParameters: 0 0 0

#Transform 161
Transform: AffineTransform_float_3_3
Parameters: 0.999969 0.00792082 0.000556403 -0.00792018 0.999967 -0.00146645 -0.000567594 0.00146155 0.999999 3.05873 2.13661 0.698565
FixedParameters: 0 0 0

#Transform 162
Transform: AffineTransform_float_3_3
Parameters: 0.999966 0.00817013 0.00031437 -0.00817085 0.999966 -0.000445583 -0.000317625 0.000442419 1 3.14862 2.21049 0.200683
FixedParameters: 0 0 0

#Transform 163
Transform: AffineTransform_float_3_3
Parameters: 0.99997 0.00771319 0.000565376 -0.00771281 0.99997 -0.000342371 -0.000567621 0.000337632 1 3.00257 2.22836 0.29906
FixedParameters: 0 0 0

#Transform 164
Transform: AffineTransform_float_3_3
Parameters: 0.99997 0.00774741 0.000562381 -0.00774659 0.999969 -0.000727378 -0.000567622 0.000723624 0.999999 3.01822 2.11204 0.4598
FixedParameters: 0 0 0

#Transform 165
Transform: AffineTransform_float_3_3
Parameters: 0.99997 0.00775953 0.000535449 -0.00775848 0.99997 -0.000975185 -0.000542549 0.00097082 1 3.01225 2.15194 0.539344
FixedParameters: 0 0 0

#Transform 166
Transform: AffineTransform_float_3_3
Parameters: 0.999969 0.0079455 0.000413468 -0.0079455 0.999967 -0.00120132 -0.00042253 0.00119768 0.999999 3.05979 2.1504 0.564288
FixedParameters: 0 0 0

#Transform 167
Transform: AffineTransform_float_3_3
Parameters: 0.999966 0.00817085 0.000884192 -0.00817015 0.999966 -0.000959257 -0.000891806 0.000951746 0.999999 3.21594 2.27317 0.598733
FixedParameters: 0 0 0

#Transform 168
Transform: AffineTransform_float_3_3
Parameters: 0.999966 0.00817078 0.000474731 -0.00817022 0.999966 -0.00162593 -0.000488269 0.00162206 0.999998 3.15576 2.14239 0.739561
FixedParameters: 0 0 0

#Transform 169
Transform: AffineTransform_float_3_3
Parameters: 0.999966 0.00817061 0.000610825 -0.00817038 0.999966 -0.00100302 -0.000619175 0.000997975 1 3.17542 2.20303 0.570708
FixedParameters: 0 0 0

#Transform 170
Transform: AffineTransform_float_3_3
Parameters: 0.999967 0.00817101 0.000510173 -0.00817 0.999964 -0.00193923 -0.000525826 0.00193477 0.999998 3.13897 2.17741 0.869774
FixedParameters: 0 0 0

#Transform 171
Transform: AffineTransform_float_3_3
Parameters: 0.999963 0.00866773 0.000590395 -0.00866627 0.999961 -0.00122616 -0.000600603 0.00122084 0.999999 3.35777 2.27454 0.593841
FixedParameters: 0 0 0

#Transform 172
Transform: AffineTransform_float_3_3
Parameters: 0.999966 0.00823778 0.000539276 -0.00823722 0.999965 -0.00142549 -0.00055072 0.00142051 0.999999 3.19541 2.24507 0.679916
FixedParameters: 0 0 0

#Transform 173
Transform: AffineTransform_float_3_3
Parameters: 0.999969 0.00778994 0.000537546 -0.00778906 0.999968 -0.00172924 -0.00055146 0.00172576 0.999999 3.02657 2.0328 0.775913
FixedParameters: 0 0 0

#Transform 174
Transform: AffineTransform_float_3_3
Parameters: 0.999977 0.00677212 0.000244629 -0.00677188 0.999977 -0.000498668 -0.000248367 0.000496329 1 2.63235 1.84968 0.251774
FixedParameters: 0 0 0

#Transform 175
Transform: AffineTransform_float_3_3
Parameters: 0.999978 0.00671334 0.000157516 -0.00671268 0.999976 -0.0020091 -0.000170483 0.0020079 0.999998 2.5771 1.73881 0.802683
FixedParameters: 0 0 0

#Transform 176
Transform: AffineTransform_float_3_3
Parameters: 0.999974 0.00719319 0.000140667 -0.00719281 0.999974 -0.00129805 -0.000150333 0.00129695 0.999999 2.76338 1.85432 0.521413
FixedParameters: 0 0 0

#Transform 177
Transform: AffineTransform_float_3_3
Parameters: 0.999974 0.007119 -5.13145e-06 -0.00711899 0.999972 -0.00198501 -9.13134e-06 0.00198498 0.999998 2.70849 1.86508 0.73992
FixedParameters: 0 0 0

#Transform 178
Transform: AffineTransform_float_3_3
Parameters: 0.999976 0.00702937 0.000191872 -0.00702863 0.999973 -0.00186839 -0.000205132 0.0018676 0.999998 2.69909 1.76634 0.726401
FixedParameters: 0 0 0

#Transform 179
Transform: AffineTransform_float_3_3
Parameters: 0.999972 0.00751094 -5.28467e-05 -0.00751106 0.999971 -0.00117764 4.41505e-05 0.00117837 1 2.87712 2.00717 0.442244
FixedParameters: 0 0 0

#Transform 180
Transform: AffineTransform_float_3_3
Parameters: 0.999975 0.00703955 -0.000216349 -0.00704046 0.999973 -0.00217953 0.000201654 0.00218047 0.999997 2.64427 1.80968 0.732866
FixedParameters: 0 0 0

#Transform 181
Transform: AffineTransform_float_3_3
Parameters: 0.999975 0.00704 0.000229177 -0.00704001 0.999975 2.43872e-05 -0.000228818 -2.66115e-05 1 2.74205 2.00425 0.0374093
FixedParameters: 0 0 0

#Transform 182
Transform: AffineTransform_float_3_3
Parameters: 0.999976 0.00682845 -0.000281535 -0.00682854 0.999974 -0.00198112 0.00026846 0.00198388 0.999998 2.56056 1.83097 0.619721
FixedParameters: 0 0 0

#Transform 183
Transform: AffineTransform_float_3_3
Parameters: 0.999974 0.00721445 -0.000449942 -0.00721555 0.999973 -0.00123779 0.000441056 0.00124121 0.999999 2.68168 1.8955 0.293095
FixedParameters: 0 0 0

#Transform 184
Transform: AffineTransform_float_3_3
Parameters: 0.999975 0.00703893 -0.000441461 -0.00704008 0.999972 -0.00247895 0.000424538 0.00248205 0.999997 2.60769 1.82477 0.779221
FixedParameters: 0 0 0

#Transform 185
Transform: AffineTransform_float_3_3
Parameters: 0.999971 0.00749532 -0.000707289 -0.00749569 0.999972 -0.000969727 0.00070071 0.00097528 1 2.73753 1.96927 0.0978312
FixedParameters: 0 0 0

#Transform 186
Transform: AffineTransform_float_3_3
Parameters: 0.999971 0.00754407 -0.000916053 -0.00754593 0.99997 -0.00212415 0.000899941 0.00213185 0.999998 2.7263 2.00377 0.443432
FixedParameters: 0 0 0

#Transform 187
Transform: AffineTransform_float_3_3
Parameters: 0.999971 0.00767132 -0.000614621 -0.00767169 0.99997 -0.00112132 0.000605383 0.00112568 0.999999 2.82505 2.04196 0.152921
FixedParameters: 0 0 0

#Transform 188
Transform: AffineTransform_float_3_3
Parameters: 0.999974 0.00719355 -0.000681422 -0.00719544 0.999972 -0.00214115 0.000666571 0.00214685 0.999998 2.62305 1.89752 0.522874
FixedParameters: 0 0 0

#Transform 189
Transform: AffineTransform_float_3_3
Parameters: 0.999972 0.00749469 -0.0010534 -0.00749532 0.999971 -0.00125014 0.0010436 0.00125786 0.999998 2.67308 2.01976 0.0479312
FixedParameters: 0 0 0

#Transform 190
Transform: AffineTransform_float_3_3
Parameters: 0.999971 0.00757225 -0.000674462 -0.00757275 0.99997 -0.00111492 0.000666538 0.00112008 0.999999 2.74618 2.17264 0.161076
FixedParameters: 0 0 0

#Transform 191
Transform: AffineTransform_float_3_3
Parameters: 0.999966 0.00810514 -0.00107542 -0.00810584 0.999967 -0.000788309 0.00106857 0.000797688 0.999999 2.89277 2.23339 -0.10496
FixedParameters: 0 0 0

#Transform 192
Transform: AffineTransform_float_3_3
