#Insight Transform File V1.0
#Transform 0
Transform: AffineTransform_float_3_3
Parameters: 0.999998 0.00188926 0.000294763 -0.00189074 0.999995 0.00252045 -0.000290236 -0.00252055 0.999997 0.727306 1.0032 -0.892678
FixedParameters: 0 0 0

#Transform 1
Transform: AffineTransform_float_3_3
Parameters: 0.999998 0.00188937 0.000258665 -0.00189063 0.999995 0.00246852 -0.000253334 -0.00246848 0.999997 0.736636 0.938655 -0.916632
FixedParameters: 0 0 0

#Transform 2
Transform: AffineTransform_float_3_3
Parameters: 0.999999 0.00181603 -7.48718e-06 -0.00181598 0.999996 0.00248502 1.15127e-05 -0.00248498 0.999997 0.664822 1.08875 -1.05215
FixedParameters: 0 0 0

#Transform 3
Transform: AffineTransform_float_3_3
Parameters: 0.999998 0.00189008 -3.13958e-05 -0.00188992 0.999995 0.00243606 3.56039e-05 -0.00243594 0.999997 0.705174 0.982072 -0.999184
FixedParameters: 0 0 0

#Transform 4
Transform: AffineTransform_float_3_3
Parameters: 0.999998 0.00188965 0.000159154 -0.00189034 0.999996 0.0021977 -0.000154845 -0.0021983 0.999997 0.72767 1.00849 -0.858709
FixedParameters: 0 0 0

#Transform 5
Transform: AffineTransform_float_3_3
Parameters: 0.999998 0.00189003 -1.11084e-05 -0.00188997 0.999996 0.00205902 1.48915e-05 -0.00205898 0.999998 0.686389 0.98855 -0.850897
FixedParameters: 0 0 0

#Transform 6
Transform: AffineTransform_float_3_3
Parameters: 0.999998 0.00169555 0.000234276 -0.00169645 0.999996 0.00193161 -0.000230724 -0.00193139 0.999998 0.650814 0.85305 -0.741665
FixedParameters: 0 0 0

#Transform 7
Transform: AffineTransform_float_3_3
Parameters: 0.999999 0.00148751 0.000234122 -0.00148749 0.999996 0.00209865 -0.000230879 -0.00209834 0.999998 0.576113 0.941401 -0.85494
FixedParameters: 0 0 0

#Transform 8
Transform: AffineTransform_float_3_3
Parameters: 0.999999 0.0010239 3.77892e-05 -0.0010241 0.999996 0.00272396 -3.52105e-05 -0.00272404 0.999997 0.36228 0.797236 -1.18273
FixedParameters: 0 0 0

#Transform 9
Transform: AffineTransform_float_3_3
Parameters: 1 0.00107994 2.47291e-05 -0.00108006 0.999996 0.00252697 -2.22707e-05 -0.00252703 0.999997 0.401302 0.89086 -1.13176
FixedParameters: 0 0 0

#Transform 10
Transform: AffineTransform_float_3_3
Parameters: 1 0.00109644 -0.000183369 -0.00109656 0.999996 0.0024002 0.000186633 -0.0024008 0.999997 0.36652 0.772878 -1.11566
FixedParameters: 0 0 0

#Transform 11
Transform: AffineTransform_float_3_3
Parameters: 1 0.00109158 -0.000261609 -0.00109043 0.999997 0.00219129 0.00026339 -0.00219071 0.999997 0.348889 0.817918 -1.07998
FixedParameters: 0 0 0

#Transform 12
Transform: AffineTransform_float_3_3
Parameters: 1 0.00102442 -0.000183662 -0.00102458 0.999997 0.00228319 0.00018634 -0.00228281 0.999998 0.345984 0.793654 -1.07311
FixedParameters: 0 0 0

#Transform 13
Transform: AffineTransform_float_3_3
Parameters: 0.999999 0.00102443 -0.000183633 -0.00102457 0.999997 0.00231119 0.000186368 -0.00231081 0.999998 0.354858 0.776298 -1.08483
FixedParameters: 0 0 0

#Transform 14
Transform: AffineTransform_float_3_3
Parameters: 0.999999 0.00102444 -0.000183554 -0.00102456 0.999996 0.00238819 0.000186447 -0.00238781 0.999997 0.34725 0.82479 -1.11716
FixedParameters: 0 0 0

#Transform 15
Transform: AffineTransform_float_3_3
Parameters: 1 0.000557436 -0.000184689 -0.000556563 0.999997 0.0023531 0.00018631 -0.0023529 0.999997 0.173472 0.694752 -1.11659
FixedParameters: 0 0 0

#Transform 16
Transform: AffineTransform_float_3_3
Parameters: 1 3.71977e-05 -8.49137e-05 -3.68021e-05 0.999998 0.002327 8.50859e-05 -0.002327 0.999998 0.0219985 0.489853 -1.01427
FixedParameters: 0 0 0

#Transform 17
Transform: AffineTransform_float_3_3
Parameters: 1 -0.000111614 -0.000186232 0.000112386 0.999998 0.00207598 0.000185767 -0.00207602 0.999998 -0.0682565 0.43651 -0.986959
FixedParameters: 0 0 0

#Transform 18
Transform: AffineTransform_float_3_3
Parameters: 1 -0.00011747 0.000200726 0.000117529 0.999998 0.00234102 -0.000201276 -0.00234098 0.999997 -0.0199142 0.428616 -0.862206
FixedParameters: 0 0 0

#Transform 19
Transform: AffineTransform_float_3_3
Parameters: 1 -0.000112888 0.000298042 0.000113112 1 -0.000374966 -0.000297958 0.000375034 1 -0.00611578 -0.0827164 0.244134
FixedParameters: 0 0 0

#Transform 20
Transform: AffineTransform_float_3_3
Parameters: 1 -3.89567e-05 0.000102017 3.90432e-05 1 -0.000423996 -0.000101983 0.000424004 1 -0.00779488 -0.0991759 0.215544
FixedParameters: 0 0 0

#Transform 21
Transform: AffineTransform_float_3_3
Parameters: 1 3.69996e-05 1.60009e-05 -3.70004e-05 1 2.29994e-05 -1.59991e-05 -2.30006e-05 1 0.00398387 0.00715893 -0.00526089
FixedParameters: 0 0 0

#Transform 22
Transform: AffineTransform_float_3_3
Parameters: 1 -0.000219981 -7.5055e-05 0.000220019 1 0.000249983 7.4945e-05 -0.000250016 1 -0.103852 -0.0379427 -0.11845
FixedParameters: 0 0 0

#Transform 23
Transform: AffineTransform_float_3_3
Parameters: 1 -0.00020999 -0.000186012 0.00021001 1 5.59609e-05 0.000185988 -5.50391e-05 1 -0.116611 0.0129671 -0.136215
FixedParameters: 0 0 0

#Transform 24
Transform: AffineTransform_float_3_3
Parameters: 1 -0.000192834 -0.000186172 0.000193166 0.999999 0.000890963 0.000185828 -0.000891035 0.999999 -0.12995 0.115585 -0.493903
FixedParameters: 0 0 0

#Transform 25
Transform: AffineTransform_float_3_3
Parameters: 1 -0.000324034 5.88101e-05 0.000323965 1 0.000586019 -5.91898e-05 -0.000585981 1 -0.124888 0.117905 -0.30193
FixedParameters: 0 0 0

#Transform 26
Transform: AffineTransform_float_3_3
Parameters: 1 -0.000277864 -0.000186203 0.000278136 0.999999 0.000730948 0.000185797 -0.000731051 0.999999 -0.154672 0.0830039 -0.445335
FixedParameters: 0 0 0

#Transform 27
Transform: AffineTransform_float_3_3
Parameters: 1 -0.000203904 -0.000186105 0.000204096 1 0.000513962 0.000185895 -0.000514038 1 -0.124728 0.157891 -0.384447
FixedParameters: 0 0 0

#Transform 28
Transform: AffineTransform_float_3_3
Parameters: 1 -0.000178101 0.000112841 0.000177899 0.999999 0.000894019 -0.000113159 -0.000893979 0.999999 -0.064405 0.140057 -0.451676
FixedParameters: 0 0 0

#Transform 29
Transform: AffineTransform_float_3_3
Parameters: 1 -0.000198013 1.886e-05 0.000197986 0.999999 0.000707003 -1.914e-05 -0.000706996 0.999999 -0.0733594 0.170659 -0.383676
FixedParameters: 0 0 0

#Transform 30
Transform: AffineTransform_float_3_3
Parameters: 1 -0.000249865 -0.000186181 0.000250135 0.999999 0.000724953 0.000185819 -0.000725046 0.999999 -0.138573 0.10024 -0.453002
FixedParameters: 0 0 0

#Transform 31
Transform: AffineTransform_float_3_3
Parameters: 1 -0.000323836 -0.000186286 0.000323164 0.999999 0.000881939 0.000185715 -0.000882059 0.999999 -0.178239 0.178324 -0.508496
FixedParameters: 0 0 0

#Transform 32
Transform: AffineTransform_float_3_3
Parameters: 1 -0.00026886 -0.000186202 0.00026914 0.999999 0.000752949 0.000185797 -0.00075305 0.999999 -0.148887 0.168771 -0.497672
FixedParameters: 0 0 0

#Transform 33
Transform: AffineTransform_float_3_3
Parameters: 1 3.71169e-05 -0.000131967 -3.6883e-05 0.999999 0.000886004 0.000132033 -0.000885994 0.999999 -0.0324445 0.273308 -0.51149
FixedParameters: 0 0 0

#Transform 34
Transform: AffineTransform_float_3_3
Parameters: 1 3.68168e-05 0.000254027 -3.71831e-05 0.999999 0.00072099 -0.000253973 -0.000721009 0.999999 0.0384728 0.270886 -0.37882
FixedParameters: 0 0 0

#Transform 35
Transform: AffineTransform_float_3_3
Parameters: 1 0.000356585 0.000310477 -0.000356416 0.999999 0.00133789 -0.000310523 -0.00133811 0.999999 0.149988 0.422176 -0.583305
FixedParameters: 0 0 0

#Transform 36
Transform: AffineTransform_float_3_3
Parameters: 1 0.000951694 0.000310941 -0.000952307 0.999999 0.000987705 -0.000310059 -0.000988296 1 0.357047 0.540009 -0.467022
FixedParameters: 0 0 0

#Transform 37
Transform: AffineTransform_float_3_3
Parameters: 1 0.00116163 0.000311388 -0.00116237 0.999998 0.00119464 -0.000310611 -0.00119536 0.999999 0.412492 0.535677 -0.500169
FixedParameters: 0 0 0

#Transform 38
Transform: AffineTransform_float_3_3
Parameters: 0.999999 0.00150067 0.000341462 -0.00150033 0.999999 0.00097349 -0.00034054 -0.000973513 1 0.56139 0.694049 -0.426304
FixedParameters: 0 0 0

#Transform 39
Transform: AffineTransform_float_3_3
Parameters: 0.999999 0.00130964 0.000324447 -0.00131036 0.999998 0.00110458 -0.000322553 -0.00110442 1 0.485322 0.59036 -0.472955
FixedParameters: 0 0 0

#Transform 40
Transform: AffineTransform_float_3_3
Parameters: 1 0.0011618 0.000251915 -0.0011622 0.999999 0.000787708 -0.000251084 -0.000788292 0.999999 0.40905 0.577022 -0.379167
FixedParameters: 0 0 0

#Transform 41
Transform: AffineTransform_float_3_3
Parameters: 0.999999 0.00140445 0.000484586 -0.00140555 0.999999 0.00112832 -0.000482414 -0.00112868 0.999999 0.549709 0.603284 -0.435873
FixedParameters: 0 0 0

#Transform 42
Transform: AffineTransform_float_3_3
Parameters: 0.999999 0.00116147 0.000654947 -0.00116153 0.999999 0.00081424 -0.000654055 -0.000814761 1 0.475852 0.546341 -0.271273
FixedParameters: 0 0 0

#Transform 43
Transform: AffineTransform_float_3_3
Parameters: 1 0.00106972 0.000541559 -0.00106928 1 0.000522421 -0.000540441 -0.000523578 0.999999 0.420889 0.457506 -0.20294
FixedParameters: 0 0 0

#Transform 44
Transform: AffineTransform_float_3_3
Parameters: 0.999999 0.00116158 0.000425161 -0.00116242 0.999999 0.000998507 -0.00042384 -0.000998493 1 0.425509 0.551373 -0.415314
FixedParameters: 0 0 0

#Transform 45
Transform: AffineTransform_float_3_3
Parameters: 0.999999 0.00116172 0.000424767 -0.00116228 0.999999 0.000659507 -0.000424233 -0.000660493 0.999999 0.429564 0.575122 -0.30573
FixedParameters: 0 0 0

#Transform 46
Transform: AffineTransform_float_3_3
Parameters: 0.999999 0.00116148 0.00042541 -0.00116151 0.999998 0.00121351 -0.00042359 -0.00121449 0.999999 0.419427 0.596542 -0.505609
FixedParameters: 0 0 0

#Transform 47
Transform: AffineTransform_float_3_3
Parameters: 0.999999 0.00116185 0.000710247 -0.00116215 1 0.000212175 -0.000710753 -0.000212826 0.999999 0.474168 0.48512 -0.0115122
FixedParameters: 0 0 0

#Transform 48
Transform: AffineTransform_float_3_3
Parameters: 0.999999 0.00116175 0.00101029 -0.00116225 1 0.000250826 -0.00100971 -0.000252174 1 0.538445 0.43201 0.0759557
FixedParameters: 0 0 0

#Transform 49
Transform: AffineTransform_float_3_3
Parameters: 0.999999 0.00116164 0.000714594 -0.00116237 0.999999 0.00051117 -0.000713405 -0.000511829 0.999999 0.501591 0.573577 -0.126352
FixedParameters: 0 0 0

#Transform 50
Transform: AffineTransform_float_3_3
Parameters: 0.999999 0.00116153 0.000923595 -0.00116247 0.999999 0.000510927 -0.000923406 -0.000512073 1 0.553586 0.534399 -0.105762
FixedParameters: 0 0 0

#Transform 51
Transform: AffineTransform_float_3_3
Parameters: 1 0.000768294 0.000596911 -0.000768707 0.999999 0.00118454 -0.00059609 -0.00118446 0.999999 0.34656 0.551955 -0.442546
FixedParameters: 0 0 0

#Transform 52
Transform: AffineTransform_float_3_3
Parameters: 1 0.000668536 0.000701443 -0.000669464 0.999999 0.00066153 -0.000701557 -0.000662469 0.999999 0.311176 0.389156 -0.228329
FixedParameters: 0 0 0

#Transform 53
Transform: AffineTransform_float_3_3
Parameters: 0.999999 0.000584561 0.00059643 -0.000585439 0.999999 0.000735651 -0.000596569 -0.000736349 1 0.274464 0.455168 -0.304551
FixedParameters: 0 0 0

#Transform 54
Transform: AffineTransform_float_3_3
Parameters: 0.999999 0.000668561 0.000596492 -0.000669439 1 0.000735601 -0.000596507 -0.000736399 0.999999 0.321496 0.405869 -0.296618
FixedParameters: 0 0 0

#Transform 55
Transform: AffineTransform_float_3_3
Parameters: 0.999999 0.000668846 0.000307335 -0.000669153 0.999999 0.000500794 -0.000306665 -0.000501205 1 0.254267 0.457691 -0.308361
FixedParameters: 0 0 0

#Transform 56
Transform: AffineTransform_float_3_3
Parameters: 0.999999 0.000668897 0.000319216 -0.000669103 0.999999 0.000322786 -0.000318784 -0.000323213 1 0.253225 0.330158 -0.243082
FixedParameters: 0 0 0

#Transform 57
Transform: AffineTransform_float_3_3
Parameters: 0.999999 0.000668893 0.000303236 -0.000669107 0.999999 0.000352797 -0.000302764 -0.000353202 1 0.26505 0.442183 -0.272403
FixedParameters: 0 0 0

#Transform 58
Transform: AffineTransform_float_3_3
Parameters: 1 0.000668918 0.000111492 -0.000669082 1 0.000735926 -0.000110508 -0.000736074 0.999999 0.237054 0.394108 -0.461699
FixedParameters: 0 0 0

#Transform 59
Transform: AffineTransform_float_3_3
Parameters: 1 0.000668946 0.00018919 -0.000669053 0.999999 0.000283873 -0.00018881 -0.000284126 1 0.247118 0.43245 -0.296855
FixedParameters: 0 0 0

#Transform 60
Transform: AffineTransform_float_3_3
Parameters: 1 0.000668987 7.11197e-05 -0.000669012 1 0.000178952 -7.08802e-05 -0.000179047 1 0.235059 0.329596 -0.263472
FixedParameters: 0 0 0

#Transform 61
Transform: AffineTransform_float_3_3
Parameters: 0.999999 0.00066904 0.000255893 -0.000668959 1 -0.000159171 -0.000256106 0.000158829 1 0.277087 0.314906 -0.026166
FixedParameters: 0 0 0

#Transform 62
Transform: AffineTransform_float_3_3
Parameters: 0.999997 -0.000163642 0.00239673 0.00017436 0.99999 -0.00432259 -0.00239627 0.0043224 0.999988 0.351013 -1.04622 2.65523
FixedParameters: 0 0 0

#Transform 63
Transform: AffineTransform_float_3_3
Parameters: 0.999999 5.88384e-05 0.00142381 -5.41609e-05 0.999994 -0.00339808 -0.00142419 0.00339792 0.999993 0.275776 -0.653389 1.91077
FixedParameters: 0 0 0

#Transform 64
Transform: AffineTransform_float_3_3
Parameters: 0.999998 -0.000332848 0.00161065 0.000336152 0.999998 -0.00195646 -0.00161034 0.00195754 0.999997 0.169223 -0.523447 1.31763
FixedParameters: 0 0 0

#Transform 65
Transform: AffineTransform_float_3_3
Parameters: 0.999999 -0.000335919 0.00137626 0.000336081 0.999999 -0.000785538 -0.00137574 0.000785462 0.999998 0.119272 -0.202492 0.733368
FixedParameters: 0 0 0

#Transform 66
Transform: AffineTransform_float_3_3
Parameters: 0.999999 -0.000622135 0.00115993 0.000621865 1 0.000116721 -0.00116007 -0.000116278 1 -0.0455603 -0.218211 0.297049
FixedParameters: 0 0 0

#Transform 67
Transform: AffineTransform_float_3_3
Parameters: 1 -0.000414132 0.000959944 0.000413868 1 0.000137397 -0.000960058 -0.000137603 1 0.000841457 -0.0476796 0.21718
FixedParameters: 0 0 0

#Transform 68
Transform: AffineTransform_float_3_3
Parameters: 0.999999 -0.00033763 0.00133884 0.000336369 1 0.000471451 -0.00133916 -0.000470548 0.999999 0.0936195 -0.0121361 0.159717
FixedParameters: 0 0 0

#Transform 69
Transform: AffineTransform_float_3_3
Parameters: 1 -0.000337406 0.000959858 0.000336594 1 0.000423323 -0.000959143 -0.000422677 1 0.0171336 0.0613812 0.0393517
FixedParameters: 0 0 0

#Transform 70
Transform: AffineTransform_float_3_3
Parameters: 1 -0.000337599 0.00095979 0.000336401 0.999999 0.000624323 -0.000959211 -0.000623677 1 0.0154359 0.0335037 -0.0471832
FixedParameters: 0 0 0

#Transform 71
Transform: AffineTransform_float_3_3
Parameters: 0.999999 -0.000158455 0.00080891 0.000158545 1 0.000562128 -0.000809089 -0.000561872 0.999999 0.0613491 0.196021 -0.0920543
FixedParameters: 0 0 0

#Transform 72
Transform: AffineTransform_float_3_3
Parameters: 1 -0.000337494 0.000480654 0.000336506 1 0.00102716 -0.000481346 -0.00102784 1 -0.072936 0.101185 -0.342483
FixedParameters: 0 0 0

#Transform 73
Transform: AffineTransform_float_3_3
Parameters: 1 -0.000337641 0.00048055 0.000336358 0.999999 0.00133416 -0.000481449 -0.00133384 0.999999 -0.0712542 0.294575 -0.533804
FixedParameters: 0 0 0

#Transform 74
Transform: AffineTransform_float_3_3
Parameters: 1 -0.000337849 0.000457374 0.000336149 0.999998 0.00185615 -0.000458625 -0.00185585 0.999998 -0.0815004 0.293474 -0.716477
FixedParameters: 0 0 0

#Transform 75
Transform: AffineTransform_float_3_3
Parameters: 1 -0.000220729 0.000489672 0.000220272 0.999999 0.00148911 -0.000489328 -0.00148889 0.999999 -0.00997182 0.372982 -0.611182
FixedParameters: 0 0 0

#Transform 76
Transform: AffineTransform_float_3_3
Parameters: 1 -0.000196017 0.00048459 0.000194982 0.999998 0.00209809 -0.00048541 -0.0020979 0.999997 -0.019088 0.374692 -0.81879
FixedParameters: 0 0 0

#Transform 77
Transform: AffineTransform_float_3_3
Parameters: 1 -8.9395e-05 0.000220841 8.86047e-05 0.999999 0.00178802 -0.000221159 -0.00178798 0.999999 -0.0178505 0.474064 -0.80621
FixedParameters: 0 0 0

#Transform 78
Transform: AffineTransform_float_3_3
Parameters: 1 6.60067e-06 0.000641016 -8.39928e-06 0.999997 0.002183 -0.000640983 -0.002183 0.999998 0.0896501 0.496095 -0.820593
FixedParameters: 0 0 0

#Transform 79
Transform: AffineTransform_float_3_3
Parameters: 1 7.06233e-06 0.000570013 -7.93764e-06 0.999998 0.001645 -0.000569988 -0.001645 0.999999 0.0752984 0.485345 -0.635631
FixedParameters: 0 0 0

#Transform 80
Transform: AffineTransform_float_3_3
Parameters: 1 6.95088e-06 0.000532015 -8.04909e-06 0.999998 0.001972 -0.000531985 -0.001972 0.999998 0.0590412 0.430101 -0.742072
FixedParameters: 0 0 0

#Transform 81
Transform: AffineTransform_float_3_3
Parameters: 1 6.69502e-05 0.000654108 -6.80495e-05 0.999998 0.00160495 -0.000653891 -0.00160504 0.999998 0.113845 0.510886 -0.580411
FixedParameters: 0 0 0

#Transform 82
Transform: AffineTransform_float_3_3
Parameters: 1 0.00011282 0.000600223 -0.00011418 0.999998 0.00196693 -0.000599776 -0.00196607 0.999998 0.101861 0.424925 -0.6903
FixedParameters: 0 0 0

#Transform 83
Transform: AffineTransform_float_3_3
Parameters: 1 7.03939e-06 0.000600012 -7.96059e-06 0.999998 0.00160099 -0.000599988 -0.001601 0.999998 0.0714672 0.465026 -0.590826
FixedParameters: 0 0 0

#Transform 84
Transform: AffineTransform_float_3_3
Parameters: 1 6.73458e-06 0.000600015 -8.26538e-06 0.999998 0.00210899 -0.000599984 -0.002109 0.999997 0.0734896 0.461756 -0.795103
FixedParameters: 0 0 0

#Transform 85
Transform: AffineTransform_float_3_3
Parameters: 1 6.73458e-06 0.000600015 -8.26538e-06 0.999998 0.00210899 -0.000599984 -0.002109 0.999997 0.0713366 0.569215 -0.809924
FixedParameters: 0 0 0

#Transform 86
Transform: AffineTransform_float_3_3
Parameters: 1 6.73458e-06 0.000600015 -8.26538e-06 0.999998 0.00210899 -0.000599984 -0.002109 0.999997 0.071336 0.483524 -0.809744
FixedParameters: 0 0 0

#Transform 87
Transform: AffineTransform_float_3_3
Parameters: 1 6.88643e-06 0.000528015 -8.11353e-06 0.999998 0.00210899 -0.000527984 -0.002109 0.999997 0.0570324 0.538908 -0.802042
FixedParameters: 0 0 0

#Transform 88
Transform: AffineTransform_float_3_3
Parameters: 1 7.69848e-06 0.000134018 -8.30148e-06 0.999998 0.00225 -0.000133982 -0.00225 0.999998 -0.0214035 0.567125 -1.01075
FixedParameters: 0 0 0

#Transform 89
Transform: AffineTransform_float_3_3
Parameters: 1 7.61954e-06 0.000134022 -8.38039e-06 0.999996 0.002839 -0.000133977 -0.002839 0.999996 -0.0335397 0.596089 -1.19325
FixedParameters: 0 0 0

#Transform 90
Transform: AffineTransform_float_3_3
Parameters: 1 -0.000165446 0.00061061 0.000164553 0.999997 0.0023671 -0.000611391 -0.0023669 0.999997 0.00655987 0.548795 -0.907641
FixedParameters: 0 0 0

#Transform 91
Transform: AffineTransform_float_3_3
Parameters: 0.999999 -0.000438594 0.000560757 0.000437408 0.999996 0.00283925 -0.000561244 -0.00283875 0.999996 -0.122381 0.497453 -1.09964
FixedParameters: 0 0 0

#Transform 92
Transform: AffineTransform_float_3_3
Parameters: 0.999999 -0.000438886 0.000761916 0.000437113 0.999997 0.00247433 -0.000763083 -0.00247366 0.999996 -0.0823151 0.527858 -0.906551
FixedParameters: 0 0 0

#Transform 93
Transform: AffineTransform_float_3_3
Parameters: 0.999999 -0.00043906 0.000761816 0.000436939 0.999997 0.00270233 -0.000763183 -0.00270167 0.999996 -0.0823733 0.505991 -0.996626
FixedParameters: 0 0 0

#Transform 94
Transform: AffineTransform_float_3_3
Parameters: 0.999999 -0.000263582 0.000875226 0.000261418 0.999995 0.00294923 -0.000875775 -0.00294877 0.999996 0.0135327 0.638685 -1.05644
FixedParameters: 0 0 0

#Transform 95
Transform: AffineTransform_float_3_3
Parameters: 0.999999 -0.000178154 0.000762499 0.000175847 0.999996 0.00282413 -0.000762499 -0.00282386 0.999995 0.0266629 0.658407 -1.06737
FixedParameters: 0 0 0

#Transform 96
Transform: AffineTransform_float_3_3
Parameters: 0.999999 -0.000312608 0.000773952 0.000309392 0.999995 0.00336724 -0.000775046 -0.00336676 0.999994 -0.0473946 0.691971 -1.27181
FixedParameters: 0 0 0

#Transform 97
Transform: AffineTransform_float_3_3
Parameters: 0.999999 -0.000103069 0.000795735 0.00010193 0.999996 0.00260008 -0.000796268 -0.00259992 0.999997 0.0645665 0.644272 -0.976565
FixedParameters: 0 0 0

#Transform 98
Transform: AffineTransform_float_3_3
Parameters: 0.999999 -5.14968e-05 0.000730828 4.9506e-05 0.999994 0.00341604 -0.000730173 -0.00341596 0.999994 0.0539237 0.725287 -1.27491
FixedParameters: 0 0 0

#Transform 99
Transform: AffineTransform_float_3_3
Parameters: 0.999999 -0.000239669 0.000937321 0.000236331 0.999996 0.00284722 -0.000937676 -0.00284677 0.999995 0.0359835 0.66055 -1.02904
FixedParameters: 0 0 0

#Transform 100
Transform: AffineTransform_float_3_3
Parameters: 0.999999 -0.000251531 0.000710108 0.000248468 0.999993 0.00356317 -0.000710889 -0.00356282 0.999993 -0.0327062 0.720085 -1.34587
FixedParameters: 0 0 0

#Transform 101
Transform: AffineTransform_float_3_3
Parameters: 1 -0.000115964 0.000984656 0.000113038 0.999996 0.00301011 -0.000984345 -0.00300989 0.999995 0.0927654 0.749497 -1.06793
FixedParameters: 0 0 0

#Transform 102
Transform: AffineTransform_float_3_3
Parameters: 0.999999 -0.000113114 0.000905616 0.000110884 0.999994 0.0034381 -0.000906386 -0.0034379 0.999993 0.0604387 0.707325 -1.17102
FixedParameters: 0 0 0

#Transform 103
Transform: AffineTransform_float_3_3
Parameters: 1 0.000176314 0.00101747 -0.000178684 0.999996 0.00263982 -0.00101653 -0.00264018 0.999996 0.20981 0.720797 -0.850228
FixedParameters: 0 0 0

#Transform 104
Transform: AffineTransform_float_3_3
Parameters: 1 9.4221e-05 0.00104725 -9.67784e-05 0.999997 0.0026539 -0.00104675 -0.0026541 0.999996 0.181579 0.612146 -0.802861
FixedParameters: 0 0 0

#Transform 105
Transform: AffineTransform_float_3_3
Parameters: 0.999999 -0.000109772 0.000893663 0.00010723 0.999995 0.0031011 -0.000893336 -0.0031009 0.999995 0.0814033 0.736862 -1.08868
FixedParameters: 0 0 0

#Transform 106
Transform: AffineTransform_float_3_3
Parameters: 1 9.59134e-05 0.000363289 -9.70856e-05 0.999995 0.00299196 -0.000362711 -0.00299203 0.999996 0.0612131 0.678369 -1.20027
FixedParameters: 0 0 0

#Transform 107
Transform: AffineTransform_float_3_3
Parameters: 1 -6.19676e-05 0.000362836 6.1032e-05 0.999997 0.00266602 -0.000363164 -0.00266598 0.999997 -0.00478462 0.625104 -1.03765
FixedParameters: 0 0 0

#Transform 108
Transform: AffineTransform_float_3_3
Parameters: 0.999999 -0.000317912 0.000790233 0.000316089 0.999997 0.00241825 -0.000790766 -0.00241775 0.999997 -0.0260847 0.439122 -0.758025
FixedParameters: 0 0 0

#Transform 109
Transform: AffineTransform_float_3_3
Parameters: 0.999999 -0.000317848 0.000682142 0.000315153 0.999997 0.00270622 -0.000682855 -0.00270678 0.999996 -0.0477383 0.586526 -0.941442
FixedParameters: 0 0 0

#Transform 110
Transform: AffineTransform_float_3_3
Parameters: 1 -0.000316981 0.000362144 0.000316019 0.999997 0.00270612 -0.000362857 -0.00270589 0.999997 -0.0982858 0.561723 -1.0706
FixedParameters: 0 0 0

#Transform 111
Transform: AffineTransform_float_3_3
Parameters: 0.999999 -0.000318432 0.000798034 0.000315568 0.999996 0.00304525 -0.000798965 -0.00304575 0.999995 -0.00579381 0.592949 -1.07024
FixedParameters: 0 0 0

#Transform 112
Transform: AffineTransform_float_3_3
Parameters: 0.999999 -0.00031785 0.000683142 0.000315151 0.999997 0.00270622 -0.000683855 -0.00270678 0.999996 -0.0337205 0.592886 -1.02074
FixedParameters: 0 0 0

#Transform 113
Transform: AffineTransform_float_3_3
Parameters: 1 -0.000317463 0.00044496 0.000315537 0.999994 0.00328414 -0.000446038 -0.00328386 0.999994 -0.076011 0.601617 -1.29303
FixedParameters: 0 0 0

#Transform 114
Transform: AffineTransform_float_3_3
Parameters: 0.999999 -0.000317749 0.000643139 0.000315251 0.999997 0.0027182 -0.000643859 -0.0027178 0.999996 -0.0390443 0.645455 -1.0593
FixedParameters: 0 0 0

#Transform 115
Transform: AffineTransform_float_3_3
Parameters: 0.999999 -0.000318454 0.000698886 0.000315545 0.999994 0.00350922 -0.000700111 -0.00350878 0.999993 -0.0255369 0.664798 -1.29286
FixedParameters: 0 0 0

#Transform 116
Transform: AffineTransform_float_3_3
Parameters: 1 -0.000567855 0.000838073 0.000565146 0.999994 0.00340248 -0.000839928 -0.00340152 0.999994 -0.102096 0.682875 -1.2724
FixedParameters: 0 0 0

#Transform 117
Transform: AffineTransform_float_3_3
Parameters: 0.999999 -0.000374648 0.000717624 0.000372351 0.999993 0.00368627 -0.000719377 -0.00368573 0.999993 -0.0487523 0.673749 -1.35304
FixedParameters: 0 0 0

#Transform 118
Transform: AffineTransform_float_3_3
Parameters: 1 -0.000318808 0.000953066 0.000315192 0.999995 0.0029453 -0.000953933 -0.0029447 0.999995 0.0196127 0.656799 -1.02129
FixedParameters: 0 0 0

#Transform 119
Transform: AffineTransform_float_3_3
Parameters: 1 -0.000319179 0.000956946 0.000315821 0.999995 0.00332031 -0.000958054 -0.0033197 0.999994 0.00846308 0.687296 -1.17676
FixedParameters: 0 0 0

#Transform 120
Transform: AffineTransform_float_3_3
Parameters: 0.999999 -0.000263196 0.0009291 0.000259804 0.999994 0.00343824 -0.000929898 -0.00343776 0.999993 0.0230081 0.78485 -1.23473
FixedParameters: 0 0 0

#Transform 121
Transform: AffineTransform_float_3_3
Parameters: 0.999999 -0.000319936 0.00118494 0.000316064 0.999995 0.00332038 -0.00118606 -0.00331962 0.999994 0.0524791 0.675426 -1.11494
FixedParameters: 0 0 0

#Transform 122
Transform: AffineTransform_float_3_3
Parameters: 0.999999 -0.000320411 0.001408 0.000315588 0.999995 0.00313245 -0.001409 -0.00313155 0.999994 0.0898483 0.661138 -0.955188
FixedParameters: 0 0 0

#Transform 123
Transform: AffineTransform_float_3_3
Parameters: 0.999999 -0.000319541 0.00118705 0.000315459 0.999996 0.00298238 -0.00118795 -0.00298162 0.999995 0.0458856 0.664319 -1.00532
FixedParameters: 0 0 0

#Transform 124
Transform: AffineTransform_float_3_3
Parameters: 0.999999 -0.000320903 0.0014249 0.000316097 0.999994 0.00343945 -0.0014261 -0.00343955 0.999993 0.0862303 0.690908 -1.08456
FixedParameters: 0 0 0

#Transform 125
Transform: AffineTransform_float_3_3
Parameters: 1 -0.000319644 0.00116301 0.000315356 0.999995 0.00313237 -0.00116399 -0.00313163 0.999995 0.0439369 0.732872 -1.09298
FixedParameters: 0 0 0

#Transform 126
Transform: AffineTransform_float_3_3
Parameters: 0.999999 -0.000320311 0.00119385 0.000315689 0.999994 0.00360938 -0.00119515 -0.00360862 0.999993 0.0527341 0.721736 -1.24495
FixedParameters: 0 0 0

#Transform 127
Transform: AffineTransform_float_3_3
Parameters: 0.999999 -0.000321377 0.00153488 0.000315622 0.999994 0.00350249 -0.00153611 -0.00350151 0.999992 0.127055 0.8252 -1.13384
FixedParameters: 0 0 0

#Transform 128
Transform: AffineTransform_float_3_3
Parameters: 0.999999 -0.000320053 0.00127199 0.000315947 0.999995 0.0031854 -0.00127301 -0.0031846 0.999994 0.0643518 0.66745 -1.0366
FixedParameters: 0 0 0

#Transform 129
Transform: AffineTransform_float_3_3
Parameters: 0.999999 -0.000321066 0.00133779 0.000315934 0.999993 0.00378443 -0.00133921 -0.00378457 0.999992 0.0692498 0.82542 -1.27636
FixedParameters: 0 0 0

#Transform 130
Transform: AffineTransform_float_3_3
Parameters: 0.999999 -0.000319776 0.001196 0.000315225 0.999995 0.00315538 -0.001197 -0.00315562 0.999995 0.049053 0.720929 -1.10032
FixedParameters: 0 0 0

#Transform 131
Transform: AffineTransform_float_3_3
Parameters: 0.999999 -0.000320486 0.00135695 0.000315515 0.999995 0.00330443 -0.00135805 -0.00330457 0.999993 0.0846096 0.69831 -1.08948
FixedParameters: 0 0 0

#Transform 132
Transform: AffineTransform_float_3_3
Parameters: 0.999999 -0.000319587 0.00123908 0.000315413 0.999996 0.00289439 -0.00123992 -0.00289361 0.999995 0.0675263 0.691981 -0.984005
FixedParameters: 0 0 0

#Transform 133
Transform: AffineTransform_float_3_3
Parameters: 0.999999 -0.000510223 0.0011726 0.00050678 0.999996 0.0027466 -0.0011734 -0.0027464 0.999995 -0.028012 0.529966 -0.928433
FixedParameters: 0 0 0

#Transform 134
Transform: AffineTransform_float_3_3
Parameters: 0.999998 -0.0005249 0.00164044 0.000520102 0.999996 0.00298586 -0.00164156 -0.00298514 0.999994 0.0565543 0.659205 -0.936522
FixedParameters: 0 0 0

#Transform 135
Transform: AffineTransform_float_3_3
Parameters: 0.999999 -0.00050503 0.00136652 0.000500971 0.999995 0.00294769 -0.00136748 -0.00294731 0.999994 0.0194821 0.60877 -1.002
FixedParameters: 0 0 0

#Transform 136
Transform: AffineTransform_float_3_3
Parameters: 0.999999 -0.000503775 0.00117339 0.000500226 0.999994 0.00321559 -0.00117461 -0.00321441 0.999994 -0.0279694 0.709177 -1.17097
FixedParameters: 0 0 0

#Transform 137
Transform: AffineTransform_float_3_3
Parameters: 0.999999 -0.00042656 0.0013719 0.00042244 0.999996 0.00259358 -0.0013731 -0.00259342 0.999995 0.0468169 0.567108 -0.866451
FixedParameters: 0 0 0

#Transform 138
Transform: AffineTransform_float_3_3
Parameters: 0.999999 -0.000550553 0.00136858 0.000546447 0.999997 0.00259475 -0.00137042 -0.00259425 0.999995 -0.00609943 0.537757 -0.853581
FixedParameters: 0 0 0

#Transform 139
Transform: AffineTransform_float_3_3
Parameters: 0.999998 -0.000583747 0.00148954 0.000580254 0.999996 0.00251487 -0.00149046 -0.00251413 0.999995 0.0111165 0.55455 -0.796388
FixedParameters: 0 0 0

#Transform 140
Transform: AffineTransform_float_3_3
Parameters: 0.999999 -0.000740826 0.00122029 0.000738174 0.999997 0.0023149 -0.00122171 -0.0023141 0.999996 -0.0977793 0.414099 -0.768304
FixedParameters: 0 0 0

#Transform 141
Transform: AffineTransform_float_3_3
Parameters: 0.999999 -0.00061528 0.00136052 0.000612721 0.999997 0.00240984 -0.00136148 -0.00240917 0.999996 -0.0173405 0.552645 -0.791616
FixedParameters: 0 0 0

#Transform 142
Transform: AffineTransform_float_3_3
Parameters: 0.999998 -0.000728609 0.00149725 0.00072439 0.999997 0.00241009 -0.00149875 -0.00240891 0.999996 -0.0371558 0.490236 -0.770203
FixedParameters: 0 0 0

#Transform 143
Transform: AffineTransform_float_3_3
Parameters: 0.999998 -0.000891314 0.00178886 0.000886686 0.999996 0.00241059 -0.00179114 -0.00240941 0.999995 -0.0308156 0.452179 -0.647771
FixedParameters: 0 0 0

#Transform 144
Transform: AffineTransform_float_3_3
Parameters: 0.999999 -0.000857307 0.00153071 0.000854692 0.999998 0.00150731 -0.00153229 -0.00150569 0.999997 -0.0642216 0.228624 -0.301682
FixedParameters: 0 0 0

#Transform 145
Transform: AffineTransform_float_3_3
Parameters: 0.999998 -0.000764961 0.00140093 0.000763039 0.999998 0.00139907 -0.00140207 -0.00139893 0.999998 -0.0515769 0.263314 -0.296466
FixedParameters: 0 0 0

#Transform 146
Transform: AffineTransform_float_3_3
Parameters: 0.999998 -0.000944432 0.00137802 0.000942566 0.999999 0.0010403 -0.00137898 -0.0010387 0.999998 -0.140595 0.128168 -0.187624
FixedParameters: 0 0 0

#Transform 147
Transform: AffineTransform_float_3_3
Parameters: 0.999998 -0.0011034 0.001325 0.0011006 0.999998 0.00181146 -0.001327 -0.00181054 0.999998 -0.229314 0.216036 -0.492083
FixedParameters: 0 0 0

#Transform 148
Transform: AffineTransform_float_3_3
Parameters: 0.999999 -0.000764496 0.00137817 0.000763503 0.999999 0.00108605 -0.00137983 -0.00108495 0.999999 -0.0692622 0.251356 -0.192168
FixedParameters: 0 0 0

#Transform 149
Transform: AffineTransform_float_3_3
Parameters: 0.999998 -0.00101681 0.00123752 0.00101419 0.999999 0.00145926 -0.00123848 -0.00145874 0.999998 -0.189151 0.125101 -0.331715
FixedParameters: 0 0 0

#Transform 150
Transform: AffineTransform_float_3_3
Parameters: 0.999998 -0.000764929 0.00155405 0.00076307 0.999999 0.00124219 -0.00155495 -0.00124081 0.999998 -0.0208395 0.264973 -0.178726
FixedParameters: 0 0 0

#Transform 151
Transform: AffineTransform_float_3_3
Parameters: 0.999998 -0.00105268 0.00135369 0.00105132 0.999998 0.00124242 -0.00135531 -0.00124058 0.999999 -0.180819 0.0484317 -0.184345
FixedParameters: 0 0 0

#Transform 152
Transform: AffineTransform_float_3_3
Parameters: 0.999998 -0.000764853 0.00149205 0.000763147 0.999999 0.00124214 -0.00149295 -0.00124086 0.999998 -0.0332217 0.242231 -0.19564
FixedParameters: 0 0 0

#Transform 153
Transform: AffineTransform_float_3_3
Parameters: 0.999998 -0.000989704 0.00137277 0.000987295 0.999998 0.00124236 -0.00137323 -0.00124064 0.999999 -0.143043 0.143111 -0.230985
FixedParameters: 0 0 0

#Transform 154
Transform: AffineTransform_float_3_3
Parameters: 0.999998 -0.00126058 0.00147665 0.00125842 0.999998 0.00107186 -0.00147835 -0.00107014 0.999999 -0.243891 0.0390579 -0.128541
FixedParameters: 0 0 0

#Transform 155
Transform: AffineTransform_float_3_3
Parameters: 0.999997 -0.00141607 0.00197299 0.00142293 0.999993 -0.0035162 -0.00196801 0.0035188 0.999992 -0.204162 -0.928742 1.90759
FixedParameters: 0 0 0

#Transform 156
Transform: AffineTransform_float_3_3
Parameters: 0.999997 -0.000754974 0.00259253 0.000767029 0.999989 -0.00464103 -0.00258947 0.00464297 0.999986 0.154503 -1.11887 2.80782
FixedParameters: 0 0 0

#Transform 157
Transform: AffineTransform_float_3_3
Parameters: 0.999996 -0.000645211 0.00251405 0.000657789 0.999989 -0.00469136 -0.00251094 0.00469263 0.999986 0.179529 -1.09612 2.77542
FixedParameters: 0 0 0

#Transform 158
Transform: AffineTransform_float_3_3
Parameters: 0.999995 -0.000573302 0.00306775 0.000592698 0.999979 -0.00642321 -0.00306425 0.00642579 0.999974 0.310063 -1.32329 3.44481
FixedParameters: 0 0 0

#Transform 159
Transform: AffineTransform_float_3_3
Parameters: 0.999995 -0.00104997 0.00292401 0.00107203 0.999971 -0.0075439 -0.002916 0.0075471 0.999968 0.0960133 -1.68427 3.74637
FixedParameters: 0 0 0

#Transform 160
Transform: AffineTransform_float_3_3
Parameters: 0.999995 -0.000684535 0.00292087 0.000705465 0.999975 -0.00701097 -0.00291612 0.00701303 0.999971 0.233868 -1.41006 3.52372
FixedParameters: 0 0 0

#Transform 161
Transform: AffineTransform_float_3_3
Parameters: 0.999997 -0.000678229 0.00264978 0.000689772 0.999991 -0.00406619 -0.00264722 0.00406781 0.999988 0.168384 -0.9396 2.36627
FixedParameters: 0 0 0

#Transform 162
Transform: AffineTransform_float_3_3
Parameters: 0.999998 -0.000168099 0.00200568 0.000175902 0.999992 -0.00393966 -0.00200532 0.00394035 0.99999 0.266076 -0.574818 1.99859
FixedParameters: 0 0 0

#Transform 163
Transform: AffineTransform_float_3_3
Parameters: 0.999998 -0.000645405 0.00193821 0.000651594 0.999994 -0.00340375 -0.00193579 0.00340526 0.999993 0.0512543 -0.805814 1.87003
FixedParameters: 0 0 0

#Transform 164
Transform: AffineTransform_float_3_3
Parameters: 0.999998 -0.000425079 0.00207464 0.000432922 0.999992 -0.00381911 -0.00207336 0.00381989 0.99999 0.172794 -0.622861 1.98723
FixedParameters: 0 0 0

#Transform 165
Transform: AffineTransform_float_3_3
Parameters: 0.999998 -0.000337174 0.00203314 0.000343824 0.999995 -0.00335731 -0.00203186 0.00335869 0.999993 0.192715 -0.644964 1.84838
FixedParameters: 0 0 0

#Transform 166
Transform: AffineTransform_float_3_3
Parameters: 0.999997 -0.000522709 0.00209009 0.00053029 0.999992 -0.0039679 -0.00208791 0.0039691 0.99999 0.135186 -0.754372 2.04164
FixedParameters: 0 0 0

#Transform 167
Transform: AffineTransform_float_3_3
Parameters: 0.999997 -0.000715872 0.00209045 0.000723125 0.999994 -0.0034105 -0.00208754 0.0034125 0.999992 0.0546831 -0.703766 1.85444
FixedParameters: 0 0 0

#Transform 168
Transform: AffineTransform_float_3_3
Parameters: 0.999998 -0.000826787 0.00167907 0.000833212 0.999993 -0.00370261 -0.00167593 0.00370439 0.999991 -0.0571874 -0.813784 1.83497
FixedParameters: 0 0 0

#Transform 169
Transform: AffineTransform_float_3_3
Parameters: 0.999998 -0.000747239 0.00186572 0.000753758 0.999993 -0.0036256 -0.00186228 0.0036274 0.999991 -0.00978107 -0.788363 1.87772
FixedParameters: 0 0 0

#Transform 170
Transform: AffineTransform_float_3_3
Parameters: 0.999997 -0.000627895 0.00209076 0.000637101 0.999991 -0.00435668 -0.00208724 0.00435832 0.999989 0.0708156 -0.829742 2.19325
FixedParameters: 0 0 0

#Transform 171
Transform: AffineTransform_float_3_3
Parameters: 0.999998 -0.000763096 0.0020909 0.000771905 0.999992 -0.00378239 -0.0020881 0.0037836 0.99999 0.0233362 -0.846179 2.01768
FixedParameters: 0 0 0

#Transform 172
Transform: AffineTransform_float_3_3
Parameters: 0.999998 -0.000164977 0.00233181 0.000176023 0.999989 -0.0047276 -0.00233119 0.0047284 0.999986 0.321139 -0.74632 2.38815
FixedParameters: 0 0 0

#Transform 173
Transform: AffineTransform_float_3_3
Parameters: 0.999997 -0.000165986 0.00216079 0.000176016 0.999989 -0.00463563 -0.00216021 0.00463537 0.999987 0.26639 -0.812634 2.30666
FixedParameters: 0 0 0

#Transform 174
Transform: AffineTransform_float_3_3
Parameters: 0.999998 -0.00016695 0.00226169 0.000176047 0.999992 -0.00400161 -0.00226032 0.00400239 0.99999 0.283752 -0.638228 2.11542
FixedParameters: 0 0 0

#Transform 175
Transform: AffineTransform_float_3_3
Parameters: 0.999998 -0.000168186 0.00203566 0.000175817 0.999992 -0.00383965 -0.00203534 0.00383935 0.99999 0.217691 -0.613051 1.93448
FixedParameters: 0 0 0

#Transform 176
Transform: AffineTransform_float_3_3
Parameters: 0.999997 -0.000167415 0.00237162 0.000175585 0.999994 -0.00361959 -0.00237138 0.00362041 0.99999 0.267846 -0.593227 1.97858
FixedParameters: 0 0 0

#Transform 177
Transform: AffineTransform_float_3_3
Parameters: 0.999997 0.000397985 0.00246625 -0.000387012 0.99999 -0.00445297 -0.00246875 0.00445203 0.999987 0.490018 -0.495131 2.25444
FixedParameters: 0 0 0

#Transform 178
Transform: AffineTransform_float_3_3
Parameters: 0.999995 0.000492535 0.00311089 -0.000479463 0.999991 -0.00435051 -0.00311311 0.00434849 0.999985 0.618989 -0.47706 2.39023
FixedParameters: 0 0 0

#Transform 179
Transform: AffineTransform_float_3_3
Parameters: 0.999993 0.000916095 0.00382501 -0.000894908 0.999985 -0.00551247 -0.00382999 0.00550954 0.999978 0.928556 -0.51583 3.04619
FixedParameters: 0 0 0

#Transform 180
Transform: AffineTransform_float_3_3
Parameters: 0.999994 0.000630573 0.00353308 -0.000614427 0.999989 -0.0046902 -0.00353592 0.0046878 0.999983 0.749923 -0.567314 2.67147
FixedParameters: 0 0 0

#Transform 181
Transform: AffineTransform_float_3_3
Parameters: 0.999993 0.000612566 0.00387881 -0.000591432 0.999986 -0.00530134 -0.00388219 0.00529866 0.999979 0.820426 -0.598796 3.02265
FixedParameters: 0 0 0

#Transform 182
Transform: AffineTransform_float_3_3
Parameters: 0.999993 0.000529341 0.00354645 -0.000511656 0.999988 -0.00488884 -0.00354954 0.00488715 0.999982 0.710942 -0.627236 2.78615
FixedParameters: 0 0 0

#Transform 183
Transform: AffineTransform_float_3_3
Parameters: 0.999992 0.000751091 0.00388655 -0.000733912 0.999989 -0.00465389 -0.00388946 0.00465111 0.999981 0.869579 -0.485349 2.78355
FixedParameters: 0 0 0

#Transform 184
Transform: AffineTransform_float_3_3
Parameters: 0.999994 0.000666611 0.00357012 -0.000651389 0.99999 -0.00437236 -0.00357288 0.00436965 0.999984 0.77465 -0.467157 2.57301
FixedParameters: 0 0 0

#Transform 185
Transform: AffineTransform_float_3_3
Parameters: 0.999992 0.00070919 0.00378318 -0.000694808 0.999991 -0.00401566 -0.00378582 0.00401234 0.999985 0.832398 -0.387791 2.50808
FixedParameters: 0 0 0

#Transform 186
Transform: AffineTransform_float_3_3
Parameters: 0.999992 0.00080067 0.00373768 -0.000785329 0.999991 -0.00419197 -0.00374132 0.00418904 0.999984 0.86439 -0.376897 2.51724
FixedParameters: 0 0 0

#Transform 187
Transform: AffineTransform_float_3_3
Parameters: 0.999992 0.00091062 0.00394543 -0.000895379 0.999992 -0.00395957 -0.00394857 0.00395544 0.999985 0.95206 -0.293693 2.48612
FixedParameters: 0 0 0

#Transform 188
Transform: AffineTransform_float_3_3
Parameters: 0.999991 0.00133308 0.00413353 -0.00131592 0.99999 -0.00413248 -0.00413947 0.00412652 0.999983 1.16605 -0.139757 2.56059
FixedParameters: 0 0 0

#Transform 189
Transform: AffineTransform_float_3_3
Parameters: 0.999993 0.00131145 0.00351538 -0.00129955 0.999993 -0.00354159 -0.00352062 0.00353741 0.999987 1.0353 -0.111649 2.18433
FixedParameters: 0 0 0

#Transform 190
Transform: AffineTransform_float_3_3
