# transform file /out/sourcedata/freesurfer/sub-v1s0x0050642_ses-1/mri/transforms/cc_up.lta
# created by oesteban on Sun Mar  8 13:57:39 2026

type      = 0 # LINEAR_VOX_TO_VOX
nxforms   = 1
mean      = 129.0000 135.0000 116.0000
sigma     = 10000.0000
1 4 4
9.965841174125671e-01 3.825111314654350e-02 -7.318972051143646e-02 3.725497245788574e+00 
-3.814837709069252e-02 9.992680549621582e-01 2.801639027893543e-03 1.567143726348877e+01 
7.324332743883133e-02 2.328306158982940e-10 9.973140358924866e-01 6.893808364868164e+00 
0.000000000000000e+00 0.000000000000000e+00 0.000000000000000e+00 1.000000000000000e+00 
src volume info
valid = 1  # volume info valid
filename = /out/sourcedata/freesurfer/sub-v1s0x0050642_ses-1/mri/norm.mgz
volume = 256 256 256
voxelsize = 1.000000000000000e+00 1.000000000000000e+00 1.000000000000000e+00
xras   = -1.000000000000000e+00 0.000000000000000e+00 0.000000000000000e+00
yras   = 0.000000000000000e+00 0.000000000000000e+00 -1.000000000000000e+00
zras   = 0.000000000000000e+00 1.000000000000000e+00 0.000000000000000e+00
cras   = -1.500000000000000e+00 -1.150000000000000e+01 8.500000000000000e+00
dst volume info
valid = 1  # volume info valid
filename = /out/sourcedata/freesurfer/sub-v1s0x0050642_ses-1/mri/norm.mgz
volume = 256 256 256
voxelsize = 1.000000000000000e+00 1.000000000000000e+00 1.000000000000000e+00
xras   = -1.000000000000000e+00 0.000000000000000e+00 0.000000000000000e+00
yras   = 0.000000000000000e+00 0.000000000000000e+00 -1.000000000000000e+00
zras   = 0.000000000000000e+00 1.000000000000000e+00 0.000000000000000e+00
cras   = -1.500000000000000e+00 -1.150000000000000e+01 8.500000000000000e+00
