# transform file /out/sourcedata/freesurfer/sub-v1s0x0050653_ses-1/mri/transforms/cc_up.lta
# created by oesteban on Wed Mar 11 22:12:39 2026

type      = 0 # LINEAR_VOX_TO_VOX
nxforms   = 1
mean      = 127.0000 97.0000 108.0000
sigma     = 10000.0000
1 4 4
9.986202716827393e-01 5.561560392379761e-03 -5.221736058592796e-02 6.582221984863281e+00 
-5.553972907364368e-03 9.999845623970032e-01 2.904144930653274e-04 4.966849899291992e+01 
5.221817269921303e-02 0.000000000000000e+00 9.986357092857361e-01 2.058830642700195e+01 
0.000000000000000e+00 0.000000000000000e+00 0.000000000000000e+00 1.000000000000000e+00 
src volume info
valid = 1  # volume info valid
filename = /out/sourcedata/freesurfer/sub-v1s0x0050653_ses-1/mri/norm.mgz
volume = 256 256 256
voxelsize = 1.000000000000000e+00 1.000000000000000e+00 1.000000000000000e+00
xras   = -1.000000000000000e+00 0.000000000000000e+00 0.000000000000000e+00
yras   = 0.000000000000000e+00 0.000000000000000e+00 -1.000000000000000e+00
zras   = 0.000000000000000e+00 1.000000000000000e+00 0.000000000000000e+00
cras   = -1.921310424804688e+00 1.000000000000000e+00 1.794915771484375e+01
dst volume info
valid = 1  # volume info valid
filename = /out/sourcedata/freesurfer/sub-v1s0x0050653_ses-1/mri/norm.mgz
volume = 256 256 256
voxelsize = 1.000000000000000e+00 1.000000000000000e+00 1.000000000000000e+00
xras   = -1.000000000000000e+00 0.000000000000000e+00 0.000000000000000e+00
yras   = 0.000000000000000e+00 0.000000000000000e+00 -1.000000000000000e+00
zras   = 0.000000000000000e+00 1.000000000000000e+00 0.000000000000000e+00
cras   = -1.921310424804688e+00 1.000000000000000e+00 1.794915771484375e+01
