# transform file /out/sourcedata/freesurfer/sub-v1s0x0050654_ses-1/mri/transforms/cc_up.lta
# created by oesteban on Wed Mar 11 22:36:10 2026

type      = 0 # LINEAR_VOX_TO_VOX
nxforms   = 1
mean      = 129.0000 113.0000 119.0000
sigma     = 10000.0000
1 4 4
9.980756640434265e-01 2.325406856834888e-02 -5.748242512345314e-02 4.173515319824219e+00 
-2.321559749543667e-02 9.997295737266541e-01 1.337061868980527e-03 3.583129501342773e+01 
5.749797075986862e-02 0.000000000000000e+00 9.983456134796143e-01 1.086909103393555e+01 
0.000000000000000e+00 0.000000000000000e+00 0.000000000000000e+00 1.000000000000000e+00 
src volume info
valid = 1  # volume info valid
filename = /out/sourcedata/freesurfer/sub-v1s0x0050654_ses-1/mri/norm.mgz
volume = 256 256 256
voxelsize = 1.000000000000000e+00 1.000000000000000e+00 1.000000000000000e+00
xras   = -1.000000000000000e+00 0.000000000000000e+00 0.000000000000000e+00
yras   = 0.000000000000000e+00 0.000000000000000e+00 -1.000000000000000e+00
zras   = 0.000000000000000e+00 1.000000000000000e+00 0.000000000000000e+00
cras   = 1.500000000000000e+00 -3.500000000000000e+00 6.000000000000000e+00
dst volume info
valid = 1  # volume info valid
filename = /out/sourcedata/freesurfer/sub-v1s0x0050654_ses-1/mri/norm.mgz
volume = 256 256 256
voxelsize = 1.000000000000000e+00 1.000000000000000e+00 1.000000000000000e+00
xras   = -1.000000000000000e+00 0.000000000000000e+00 0.000000000000000e+00
yras   = 0.000000000000000e+00 0.000000000000000e+00 -1.000000000000000e+00
zras   = 0.000000000000000e+00 1.000000000000000e+00 0.000000000000000e+00
cras   = 1.500000000000000e+00 -3.500000000000000e+00 6.000000000000000e+00
