#Insight Transform File V1.0
#Transform 0
Transform: AffineTransform_float_3_3
Parameters: 1 -0.00108619 0.000531621 0.00108582 1 0.000349578 -0.00053138 -0.000349423 1 -0.323246 -0.221334 0.0933215
FixedParameters: 0 0 0

#Transform 1
Transform: AffineTransform_float_3_3
Parameters: 0.999999 -0.000724663 0.000547446 0.000724337 0.999999 -0.000615603 -0.000547554 0.000615397 0.999999 -0.199694 -0.0606184 0.410764
FixedParameters: 0 0 0

#Transform 2
Transform: AffineTransform_float_3_3
Parameters: 0.999999 -0.000654206 0.000601775 0.000653793 0.999999 0.000343393 -0.000602224 -0.000342606 1 -0.184707 -0.252282 0.0572818
FixedParameters: 0 0 0

#Transform 3
Transform: AffineTransform_float_3_3
Parameters: 0.999999 -0.000653751 0.000388419 0.000654248 0.999999 -0.000640746 -0.00038758 0.000641253 0.999999 -0.213293 -0.0815787 0.381889
FixedParameters: 0 0 0

#Transform 4
Transform: AffineTransform_float_3_3
Parameters: 1 -0.000902211 0.000485608 0.000901789 0.999999 0.000434438 -0.000485392 -0.000434562 1 -0.290587 -0.29863 0.00522409
FixedParameters: 0 0 0

#Transform 5
Transform: AffineTransform_float_3_3
Parameters: 0.999999 -0.00065373 0.000388453 0.000654269 0.999999 -0.000693746 -0.000387546 0.000693253 0.999999 -0.20806 -0.115815 0.394802
FixedParameters: 0 0 0

#Transform 6
Transform: AffineTransform_float_3_3
Parameters: 1 -0.000653948 -0.000118288 0.000654052 0.999999 0.000439923 0.000117712 -0.000440077 1 -0.276778 -0.238073 -0.202969
FixedParameters: 0 0 0

#Transform 7
Transform: AffineTransform_float_3_3
Parameters: 0.999999 -0.000653906 0.000411149 0.000654093 1 -0.000227731 -0.000410851 0.000228269 1 -0.232275 -0.112661 0.201551
FixedParameters: 0 0 0

#Transform 8
Transform: AffineTransform_float_3_3
Parameters: 1 -0.00042297 -7.81594e-05 0.000423029 1 0.000376967 7.78405e-05 -0.000377033 1 -0.210901 -0.133433 -0.164505
FixedParameters: 0 0 0

#Transform 9
Transform: AffineTransform_float_3_3
Parameters: 1 -0.000235993 7.20222e-05 0.000236007 1 -9.3983e-05 -7.19778e-05 9.4017e-05 1 -0.0864131 0.0477155 0.0518216
FixedParameters: 0 0 0

#Transform 10
Transform: AffineTransform_float_3_3
Parameters: 1 -0.000204115 0.00029392 0.000203884 1 0.00039306 -0.00029408 -0.00039294 1 -0.0352737 -0.0577687 -0.072592
FixedParameters: 0 0 0

#Transform 11
Transform: AffineTransform_float_3_3
Parameters: 1 -0.000385773 0.000271323 0.000386227 0.999999 -0.000836895 -0.000271677 0.000837104 0.999999 -0.0990818 -0.0236293 0.36514
FixedParameters: 0 0 0

#Transform 12
Transform: AffineTransform_float_3_3
Parameters: 1 -0.000103157 0.000502968 0.000102843 1 0.000313052 -0.000503032 -0.000312948 1 0.0526956 -0.0381889 0.00780236
FixedParameters: 0 0 0

#Transform 13
Transform: AffineTransform_float_3_3
Parameters: 1 -0.000102932 0.000476015 0.000103068 1 -0.000141951 -0.000475985 0.000142049 1 0.00763177 0.0547145 0.164801
FixedParameters: 0 0 0

#Transform 14
Transform: AffineTransform_float_3_3
Parameters: 1 -0.000103144 0.000559973 0.000102855 1 0.000258058 -0.000560026 -0.000257942 1 0.0406844 -0.021348 0.070819
FixedParameters: 0 0 0

#Transform 15
Transform: AffineTransform_float_3_3
Parameters: 1 -0.000102968 0.000296011 0.000103032 1 -0.00010897 -0.000295989 0.00010903 1 -0.00572259 0.0776322 0.105925
FixedParameters: 0 0 0

#Transform 16
Transform: AffineTransform_float_3_3
Parameters: 1 -0.000103001 0.000461 0.000102999 1 3.04748e-06 -0.000461 -2.95252e-06 1 0.028769 -0.0488369 0.13016
FixedParameters: 0 0 0

#Transform 17
Transform: AffineTransform_float_3_3
Parameters: 1 -0.0001028 0.000364056 0.000103199 1 -0.000547962 -0.000363943 0.000548037 1 0.0188664 0.0148854 0.322605
FixedParameters: 0 0 0

#Transform 18
Transform: AffineTransform_float_3_3
Parameters: 1 -0.000102992 -2.40338e-05 0.000103008 1 0.000327997 2.39662e-05 -0.000328002 1 -0.026455 0.00600338 -0.155782
FixedParameters: 0 0 0

#Transform 19
Transform: AffineTransform_float_3_3
Parameters: 1 -0.000103068 -0.000159956 0.000102932 1 -0.000427016 0.000160044 0.000426983 1 -0.0453529 0.0500582 0.122651
FixedParameters: 0 0 0

#Transform 20
Transform: AffineTransform_float_3_3
Parameters: 1 -0.000102996 6.3006e-05 0.000103004 1 -5.79935e-05 -6.2994e-05 5.80065e-05 1 -0.0186492 -0.0232209 0.0288844
FixedParameters: 0 0 0

#Transform 21
Transform: AffineTransform_float_3_3
Parameters: 1 4.50008e-05 9.61209e-07 -4.49991e-05 0.999999 -0.000861999 -1.03879e-06 0.000861999 0.999999 0.00174711 0.117186 0.332413
FixedParameters: 0 0 0

#Transform 22
Transform: AffineTransform_float_3_3
Parameters: 1 7.50841e-05 0.000191967 -7.49159e-05 1 -0.000438014 -0.000192033 0.000437985 1 0.0611921 -0.00328404 0.244223
FixedParameters: 0 0 0

#Transform 23
Transform: AffineTransform_float_3_3
Parameters: 1 0.000134024 0.000101969 -0.000133976 1 -0.000231014 -0.000102031 0.000230986 1 0.0570965 0.0836902 0.107793
FixedParameters: 0 0 0

#Transform 24
Transform: AffineTransform_float_3_3
Parameters: 1 0.000132359 0.000286835 -0.000131641 0.999999 -0.00125104 -0.000287165 0.00125096 0.999999 0.0793531 0.0994798 0.584968
FixedParameters: 0 0 0

#Transform 25
Transform: AffineTransform_float_3_3
Parameters: 1 0.000245996 0.000251004 -0.000246004 1 1.69383e-05 -0.000250996 -1.70617e-05 1 0.141086 0.0227044 0.0604311
FixedParameters: 0 0 0

#Transform 26
Transform: AffineTransform_float_3_3
Parameters: 1 0.000385952 -0.00013114 -0.000386048 1 -0.000361949 0.00013186 0.000362051 1 0.112513 0.255684 0.0698864
FixedParameters: 0 0 0

#Transform 27
Transform: AffineTransform_float_3_3
Parameters: 1 0.000167167 0.000384927 -0.000166833 1 -0.000434064 -0.000385072 0.000433936 1 0.0957848 0.0431975 0.311702
FixedParameters: 0 0 0

#Transform 28
Transform: AffineTransform_float_3_3
Parameters: 1 0.000246062 0.000384961 -0.000246939 1 -0.000159095 -0.000385039 0.000159905 1 0.132303 0.0403426 0.174087
FixedParameters: 0 0 0

#Transform 29
Transform: AffineTransform_float_3_3
Parameters: 1 0.000246257 0.000384835 -0.000246743 0.999999 -0.000669095 -0.000384165 0.000668905 0.999999 0.129689 0.159649 0.374812
FixedParameters: 0 0 0

#Transform 30
Transform: AffineTransform_float_3_3
Parameters: 1 0.000245979 0.000388013 -0.000246021 1 5.39045e-05 -0.000387987 -5.40954e-05 1 0.138639 0.0309223 0.0896154
FixedParameters: 0 0 0

#Transform 31
Transform: AffineTransform_float_3_3
Parameters: 1 0.000393908 -9.83699e-05 -0.000394093 0.999999 -0.00093896 9.86299e-05 0.000939038 0.999999 0.125103 0.179154 0.341757
FixedParameters: 0 0 0

#Transform 32
Transform: AffineTransform_float_3_3
Parameters: 1 0.000293078 0.000232901 -0.000292922 1 -0.000336068 -0.000233098 0.000335932 1 0.130044 0.0729381 0.178717
FixedParameters: 0 0 0

#Transform 33
Transform: AffineTransform_float_3_3
Parameters: 1 6.04866e-05 0.000507942 -6.05133e-05 0.999999 -0.000958031 -0.000508058 0.000957969 1 0.102877 -0.019192 0.585379
FixedParameters: 0 0 0

#Transform 34
Transform: AffineTransform_float_3_3
Parameters: 1 6.04828e-05 0.000502942 -6.0517e-05 0.999999 -0.000960031 -0.000503058 0.00095997 1 0.0819504 -0.0628245 0.54532
FixedParameters: 0 0 0

#Transform 35
Transform: AffineTransform_float_3_3
Parameters: 1 6.02025e-05 0.000323962 -6.07975e-05 1 -0.000625019 -0.000324038 0.00062498 1 0.0776661 -0.015375 0.330288
FixedParameters: 0 0 0

#Transform 36
Transform: AffineTransform_float_3_3
Parameters: 1 -2.58791e-05 0.00015302 2.61209e-05 0.999999 -0.000789996 -0.000152979 0.000790003 0.999999 0.0109314 0.0308161 0.368294
FixedParameters: 0 0 0

#Transform 37
Transform: AffineTransform_float_3_3
Parameters: 1 5.99387e-05 -9.80375e-05 -6.00612e-05 1 -0.000624994 9.79625e-05 0.000625006 1 -0.00888101 -0.0145155 0.196317
FixedParameters: 0 0 0

#Transform 38
Transform: AffineTransform_float_3_3
Parameters: 1 6.00726e-05 0.000174975 -5.99274e-05 1 -0.00041501 -0.000175025 0.000414989 1 0.0526149 -0.00961243 0.247745
FixedParameters: 0 0 0

#Transform 39
Transform: AffineTransform_float_3_3
Parameters: 1 6.00887e-05 8.89401e-05 -5.99112e-05 0.999999 -0.000997004 -8.90597e-05 0.000996994 0.999999 0.0380387 0.0103475 0.433529
FixedParameters: 0 0 0

#Transform 40
Transform: AffineTransform_float_3_3
Parameters: 1 -8.50478e-05 -9.79585e-05 8.49522e-05 1 -0.000488008 9.80415e-05 0.000487992 1 -0.04446 -0.10886 0.169184
FixedParameters: 0 0 0

#Transform 41
Transform: AffineTransform_float_3_3
Parameters: 1 -0.000370966 7.51684e-05 0.000371034 1 -0.000453972 -7.48315e-05 0.000454028 1 -0.137443 -0.0921224 0.220046
FixedParameters: 0 0 0

#Transform 42
Transform: AffineTransform_float_3_3
Parameters: 1 -0.00105501 0.000296964 0.00105499 1 3.43133e-05 -0.000297036 -3.36867e-05 1 -0.355466 -0.382492 0.115285
FixedParameters: 0 0 0

#Transform 43
Transform: AffineTransform_float_3_3
Parameters: 0.999999 -0.000952028 -9.77257e-05 0.000951972 1 -0.000288093 9.82741e-05 0.000287907 1 -0.378829 -0.229406 0.115288
FixedParameters: 0 0 0

#Transform 44
Transform: AffineTransform_float_3_3
Parameters: 0.999999 -0.000951982 -9.81694e-05 0.000952017 0.999999 0.000177907 9.88314e-05 -0.000177094 1 -0.393616 -0.27646 -0.0983351
FixedParameters: 0 0 0

#Transform 45
Transform: AffineTransform_float_3_3
Parameters: 0.999999 -0.00071573 0.000390495 0.00071627 0.999999 -0.00069172 -0.000390505 0.000691279 0.999999 -0.222394 -0.17412 0.415111
FixedParameters: 0 0 0

#Transform 46
Transform: AffineTransform_float_3_3
Parameters: 1 -0.000951991 0.000392024 0.000952011 1 -2.46268e-05 -0.000391976 2.53732e-05 1 -0.315359 -0.256261 0.117124
FixedParameters: 0 0 0

#Transform 47
Transform: AffineTransform_float_3_3
Parameters: 0.999999 -0.000952037 0.000179799 0.000951961 0.999999 0.000211171 -0.000180201 -0.000210828 1 -0.359763 -0.288574 0.0169879
FixedParameters: 0 0 0

#Transform 48
Transform: AffineTransform_float_3_3
Parameters: 0.999998 -0.00147399 0.000763013 0.00147401 0.999999 -8.87532e-06 -0.000762985 1.01246e-05 0.999999 -0.50924 -0.361267 0.277638
FixedParameters: 0 0 0

#Transform 49
Transform: AffineTransform_float_3_3
Parameters: 0.999999 -0.00110739 0.000985557 0.00110761 1 0.000401092 -0.000986444 -0.000399908 1 -0.282726 -0.183502 0.230934
FixedParameters: 0 0 0

#Transform 50
Transform: AffineTransform_float_3_3
Parameters: 0.999999 -0.00147472 0.00109804 0.00147328 0.999998 0.000652619 -0.00109996 -0.000651379 0.999999 -0.37245 -0.411374 0.243614
FixedParameters: 0 0 0

#Transform 51
Transform: AffineTransform_float_3_3
Parameters: 0.999998 -0.00118749 0.00104444 0.00118751 0.999999 0.000471241 -0.00104556 -0.000469759 1 -0.295072 -0.106805 0.175121
FixedParameters: 0 0 0

#Transform 52
Transform: AffineTransform_float_3_3
Parameters: 0.999998 -0.00123345 0.000992206 0.00123155 0.999998 0.00145622 -0.000994794 -0.00145478 0.999999 -0.330888 -0.148937 -0.2546
FixedParameters: 0 0 0

#Transform 53
Transform: AffineTransform_float_3_3
Parameters: 0.999999 -0.00116107 0.000930907 0.00116093 1 8.00808e-05 -0.000931092 -7.8919e-05 0.999999 -0.288591 -0.196187 0.321222
FixedParameters: 0 0 0

#Transform 54
Transform: AffineTransform_float_3_3
Parameters: 0.999999 -0.00107612 0.000992789 0.00107588 0.999999 0.00112607 -0.000994211 -0.00112493 0.999999 -0.262766 -0.241713 -0.0726781
FixedParameters: 0 0 0

#Transform 55
Transform: AffineTransform_float_3_3
Parameters: 0.999999 -0.000945806 0.000994185 0.000946193 0.999999 -0.000194059 -0.000994817 0.000194941 1 -0.222761 -0.134382 0.429891
FixedParameters: 0 0 0

#Transform 56
Transform: AffineTransform_float_3_3
Parameters: 0.999999 -0.00121083 0.000992982 0.00121016 0.999999 0.000841203 -0.000994017 -0.000839797 0.999999 -0.329782 -0.208725 -0.00481738
FixedParameters: 0 0 0

#Transform 57
Transform: AffineTransform_float_3_3
Parameters: 0.999998 -0.0012879 0.000992835 0.0012871 0.999999 0.000905279 -0.000994164 -0.000903721 0.999999 -0.346319 -0.194501 0.014468
FixedParameters: 0 0 0

#Transform 58
Transform: AffineTransform_float_3_3
Parameters: 0.999998 -0.00128797 0.000992746 0.00128703 0.999998 0.000974279 -0.000994254 -0.00097372 0.999999 -0.377662 -0.216748 -0.0659007
FixedParameters: 0 0 0

#Transform 59
Transform: AffineTransform_float_3_3
Parameters: 0.999999 -0.00103371 0.000993259 0.00103329 0.999999 0.000718027 -0.000994742 -0.000716973 0.999999 -0.272087 -0.145701 0.0451206
FixedParameters: 0 0 0

#Transform 60
Transform: AffineTransform_float_3_3
Parameters: 0.999999 -0.000964429 0.00120366 0.000963571 1 0.00035716 -0.00120434 -0.000355839 0.999999 -0.188157 -0.114528 0.240773
FixedParameters: 0 0 0

#Transform 61
Transform: AffineTransform_float_3_3
Parameters: 0.999999 -0.00128809 0.00112976 0.00128691 0.999998 0.000963455 -0.00113124 -0.000962544 0.999999 -0.333026 -0.282649 -0.0128835
FixedParameters: 0 0 0

#Transform 62
Transform: AffineTransform_float_3_3
Parameters: 0.999999 -0.000920122 0.000904875 0.000919877 0.999999 0.000135832 -0.000905125 -0.000135167 0.999999 -0.212294 -0.0868114 0.229464
FixedParameters: 0 0 0

#Transform 63
Transform: AffineTransform_float_3_3
Parameters: 0.999998 -0.00128809 0.000992579 0.0012869 0.999998 0.00110428 -0.00099442 -0.00110272 0.999999 -0.34488 -0.274587 -0.137964
FixedParameters: 0 0 0

#Transform 64
Transform: AffineTransform_float_3_3
Parameters: 1 -0.00103818 0.000618693 0.00103782 1 0.000295642 -0.000619307 -0.000295357 1 -0.29454 -0.0884779 0.0564181
FixedParameters: 0 0 0

#Transform 65
Transform: AffineTransform_float_3_3
Parameters: 0.999999 -0.00111765 0.000808097 0.00111735 0.999999 0.000808904 -0.000808904 -0.000808097 1 -0.300047 -0.22754 -0.0871237
FixedParameters: 0 0 0

#Transform 66
Transform: AffineTransform_float_3_3
Parameters: 1 -0.000914058 0.000616915 0.000913942 0.999999 9.35638e-05 -0.000617086 -9.34359e-05 1 -0.226877 -0.109888 0.17598
FixedParameters: 0 0 0

#Transform 67
Transform: AffineTransform_float_3_3
Parameters: 1 -0.0010503 0.000627498 0.0010507 1 0.00047866 -0.000628502 -0.00047734 0.999999 -0.281954 -0.197148 -0.0139469
FixedParameters: 0 0 0

#Transform 68
Transform: AffineTransform_float_3_3
Parameters: 1 -0.00101151 0.000505977 0.00101049 0.999999 0.00101251 -0.000507024 -0.00101249 1 -0.285291 -0.173604 -0.238563
FixedParameters: 0 0 0

#Transform 69
Transform: AffineTransform_float_3_3
Parameters: 0.999999 -0.00128727 0.000787561 0.00128673 0.999999 0.000341014 -0.000787438 -0.000339987 0.999999 -0.356331 -0.20911 0.10779
FixedParameters: 0 0 0

#Transform 70
Transform: AffineTransform_float_3_3
Parameters: 0.999999 -0.00128713 0.000131695 0.00128687 0.999998 0.00101417 -0.000133306 -0.00101483 1 -0.42951 -0.241447 -0.381613
FixedParameters: 0 0 0

#Transform 71
Transform: AffineTransform_float_3_3
Parameters: 0.999999 -0.00128713 0.00070276 0.00128687 0.999999 0.000186905 -0.00070224 -0.000186096 0.999999 -0.33517 -0.431948 0.362932
FixedParameters: 0 0 0

#Transform 72
Transform: AffineTransform_float_3_3
Parameters: 0.999999 -0.00128855 0.000712195 0.00128745 0.999997 0.00217892 -0.000714807 -0.00217808 0.999998 -0.353824 -0.210595 -0.427054
FixedParameters: 0 0 0

#Transform 73
Transform: AffineTransform_float_3_3
Parameters: 0.999999 -0.00128651 0.000607039 0.00128749 0.999999 -0.000807219 -0.00060596 0.00080778 0.999999 -0.351951 -0.404923 0.527255
FixedParameters: 0 0 0

#Transform 74
Transform: AffineTransform_float_3_3
Parameters: 0.999998 -0.001286 0.000933381 0.001287 0.999998 -0.0010728 -0.00093262 0.0010732 0.999999 -0.305774 -0.350247 0.670212
FixedParameters: 0 0 0

#Transform 75
Transform: AffineTransform_float_3_3
Parameters: 0.999999 -0.00172722 0.000447927 0.00172878 0.999991 -0.00400823 -0.000441072 0.00400977 0.999992 -0.45775 -0.78126 1.29905
FixedParameters: 0 0 0

#Transform 76
Transform: AffineTransform_float_3_3
Parameters: 0.999999 -0.00137322 0.000216044 0.00137378 0.999993 -0.00367171 -0.000210957 0.0036723 0.999993 -0.45404 -0.956185 1.42127
FixedParameters: 0 0 0

#Transform 77
Transform: AffineTransform_float_3_3
Parameters: 0.999999 -0.00128603 0.000326826 0.00128696 0.999995 -0.00297358 -0.000322174 0.00297441 0.999995 -0.424857 -0.581792 1.17545
FixedParameters: 0 0 0

#Transform 78
Transform: AffineTransform_float_3_3
Parameters: 1 -0.00100203 0.000443192 0.00100297 0.999997 -0.00218656 -0.000440807 0.00218744 0.999997 -0.315683 -0.481474 0.956604
FixedParameters: 0 0 0

#Transform 79
Transform: AffineTransform_float_3_3
Parameters: 1 -0.000771327 0.000692867 0.000772673 0.999997 -0.00241747 -0.000691134 0.00241853 0.999997 -0.20917 -0.416199 1.12292
FixedParameters: 0 0 0

#Transform 80
Transform: AffineTransform_float_3_3
Parameters: 0.999999 -0.00034474 0.000758032 0.00034726 0.999996 -0.00298374 -0.000756967 0.00298426 0.999996 -0.0600756 -0.296765 1.25646
FixedParameters: 0 0 0

#Transform 81
Transform: AffineTransform_float_3_3
Parameters: 0.999999 -0.000799862 0.000443061 0.000801138 0.999997 -0.00257565 -0.000440938 0.00257535 0.999996 -0.265567 -0.443992 1.05559
FixedParameters: 0 0 0

#Transform 82
Transform: AffineTransform_float_3_3
Parameters: 1 -0.000926002 0.000443092 0.000926998 0.999997 -0.00225759 -0.000440908 0.00225841 0.999998 -0.312828 -0.222678 0.837957
FixedParameters: 0 0 0

#Transform 83
Transform: AffineTransform_float_3_3
Parameters: 1 -0.000799724 0.000836223 0.000801275 0.999998 -0.00152633 -0.000834779 0.00152667 0.999999 -0.215462 -0.294056 0.716959
FixedParameters: 0 0 0

#Transform 84
Transform: AffineTransform_float_3_3
Parameters: 0.999999 -0.000616279 0.000403104 0.000616721 0.999998 -0.00179075 -0.000401896 0.00179125 0.999999 -0.199292 -0.242022 0.707039
FixedParameters: 0 0 0

#Transform 85
Transform: AffineTransform_float_3_3
Parameters: 1 -0.00115372 0.000365897 0.00115428 0.999999 -0.000777578 -0.000365102 0.000778422 0.999999 -0.425681 -0.332657 0.331024
FixedParameters: 0 0 0

#Transform 86
Transform: AffineTransform_float_3_3
Parameters: 0.999999 -0.000917735 0.000234042 0.000918265 0.999999 -0.00113479 -0.000232959 0.00113421 1 -0.354543 -0.289172 0.430971
FixedParameters: 0 0 0

#Transform 87
Transform: AffineTransform_float_3_3
Parameters: 0.999999 -0.000737973 0.000509491 0.000739026 0.999997 -0.00201862 -0.000507509 0.00201837 0.999998 -0.234689 -0.214548 0.856566
FixedParameters: 0 0 0

#Transform 88
Transform: AffineTransform_float_3_3
Parameters: 0.999999 -0.000738158 0.000632983 0.000738841 0.999999 -0.00133053 -0.000632017 0.00133047 0.999999 -0.234753 -0.28649 0.577214
FixedParameters: 0 0 0

#Transform 89
Transform: AffineTransform_float_3_3
Parameters: 0.999999 -0.000578778 0.000559268 0.000580224 0.999998 -0.00218768 -0.000558732 0.00218833 0.999998 -0.15739 -0.269547 0.926596
FixedParameters: 0 0 0

#Transform 90
Transform: AffineTransform_float_3_3
Parameters: 0.999999 -0.000586739 0.000595244 0.000588259 0.999997 -0.00211865 -0.000593754 0.00211935 0.999997 -0.130288 -0.272447 0.844278
FixedParameters: 0 0 0

#Transform 91
Transform: AffineTransform_float_3_3
Parameters: 1 -0.000523088 -6.73179e-05 0.000522912 0.999999 -0.00130404 6.76819e-05 0.00130396 0.999999 -0.229792 -0.246359 0.379469
FixedParameters: 0 0 0

#Transform 92
Transform: AffineTransform_float_3_3
Parameters: 1 -0.000200663 0.000524513 0.000202339 0.999996 -0.00255089 -0.000524485 0.0025501 0.999996 -0.0166105 -0.133107 1.04783
FixedParameters: 0 0 0

#Transform 93
Transform: AffineTransform_float_3_3
Parameters: 1 -0.000333342 0.000436503 0.000333659 0.999999 -0.00150885 -0.000436497 0.00150915 0.999999 -0.0907102 -0.222686 0.593554
FixedParameters: 0 0 0

#Transform 94
Transform: AffineTransform_float_3_3
Parameters: 1 -3.5102e-08 0.000552001 9.64897e-07 0.999999 -0.001748 -0.000551999 0.001748 0.999999 0.078511 -0.0365332 0.743115
FixedParameters: 0 0 0

#Transform 95
Transform: AffineTransform_float_3_3
Parameters: 0.999999 -0.000574258 0.000512832 0.000574742 0.999999 -0.00144871 -0.000512168 0.00144829 0.999999 -0.17883 -0.192526 0.545186
FixedParameters: 0 0 0

#Transform 96
Transform: AffineTransform_float_3_3
Parameters: 0.999999 -0.000126884 0.000701202 0.000128115 0.999998 -0.00159091 -0.000700797 0.00159109 0.999998 0.0416231 -0.143868 0.699562
FixedParameters: 0 0 0

#Transform 97
Transform: AffineTransform_float_3_3
Parameters: 0.999999 4.56334e-07 0.000773 1.45633e-06 0.999998 -0.001884 -0.000772998 0.001884 0.999998 0.0974282 -0.0195581 0.80303
FixedParameters: 0 0 0

#Transform 98
Transform: AffineTransform_float_3_3
Parameters: 1 -6.4935e-08 0.000648 9.35064e-07 0.999999 -0.001443 -0.000647999 0.001443 0.999998 0.0776013 -0.0887728 0.617454
FixedParameters: 0 0 0

#Transform 99
Transform: AffineTransform_float_3_3
Parameters: 1 5.5205e-08 0.000426001 1.0552e-06 0.999997 -0.002477 -0.000425999 0.002477 0.999997 0.0422191 -0.131204 0.998946
FixedParameters: 0 0 0

#Transform 100
Transform: AffineTransform_float_3_3
Parameters: 1 8.3027e-08 0.000436001 1.08302e-06 0.999997 -0.002484 -0.000435999 0.002484 0.999997 0.0263222 -0.181889 0.940122
FixedParameters: 0 0 0

#Transform 101
Transform: AffineTransform_float_3_3
Parameters: 1 1.53283e-07 0.000530001 1.15328e-06 0.999997 -0.002176 -0.000529999 0.002176 0.999998 0.040553 -0.18148 0.876471
FixedParameters: 0 0 0

#Transform 102
Transform: AffineTransform_float_3_3
Parameters: 0.999999 1.59088e-06 0.000874999 1.59088e-06 0.999995 -0.002961 -0.000874999 0.002961 0.999995 0.100339 -0.186821 1.28837
FixedParameters: 0 0 0

#Transform 103
Transform: AffineTransform_float_3_3
Parameters: 0.999999 8.7194e-07 0.000801 8.7194e-07 0.999998 -0.002337 -0.000801 0.002337 0.999997 0.0914112 -0.187053 1.01463
FixedParameters: 0 0 0

#Transform 104
Transform: AffineTransform_float_3_3
Parameters: 1 -5.24526e-05 0.00068812 5.35472e-05 0.999998 -0.00224897 -0.000687881 0.00224904 0.999997 0.0584781 -0.189265 0.99051
FixedParameters: 0 0 0

#Transform 105
Transform: AffineTransform_float_3_3
Parameters: 0.999999 6.01608e-05 0.000773835 -5.88415e-05 0.999996 -0.00279205 -0.000773167 0.00279195 0.999996 0.1095 -0.134783 1.20377
FixedParameters: 0 0 0

#Transform 106
Transform: AffineTransform_float_3_3
Parameters: 0.999999 8.94091e-07 0.000908 8.94091e-07 0.999998 -0.002086 -0.000908 0.002086 0.999998 0.116743 -0.0874641 0.938508
FixedParameters: 0 0 0

#Transform 107
Transform: AffineTransform_float_3_3
Parameters: 0.999999 9.39983e-07 0.00093 9.39983e-07 0.999998 -0.002086 -0.00093 0.002086 0.999998 0.124119 -0.00789215 0.964503
FixedParameters: 0 0 0

#Transform 108
Transform: AffineTransform_float_3_3
Parameters: 0.999999 2.77733e-07 0.000739001 1.27773e-06 0.999998 -0.001729 -0.000738999 0.001729 0.999998 0.1065 -0.0837971 0.734163
FixedParameters: 0 0 0

#Transform 109
Transform: AffineTransform_float_3_3
Parameters: 1 -0.000860941 0.000510792 0.00086206 0.999998 -0.00207956 -0.000508209 0.00207944 0.999997 -0.272057 -0.371929 0.847107
FixedParameters: 0 0 0

#Transform 110
Transform: AffineTransform_float_3_3
Parameters: 1 -0.00045815 0.000315239 0.000458849 0.999996 -0.00270186 -0.000313761 0.00270215 0.999997 -0.0881992 -0.41204 1.10502
FixedParameters: 0 0 0

#Transform 111
Transform: AffineTransform_float_3_3
Parameters: 1 -0.000458505 0.000179271 0.000458494 0.999996 -0.00276992 -0.000177731 0.00277008 0.999996 -0.14626 -0.27495 1.0225
FixedParameters: 0 0 0

#Transform 112
Transform: AffineTransform_float_3_3
Parameters: 0.999999 -0.000457333 0.000805947 0.000458666 0.999998 -0.00206863 -0.000805052 0.00206937 0.999997 -0.0579351 -0.346683 0.942306
FixedParameters: 0 0 0

#Transform 113
Transform: AffineTransform_float_3_3
Parameters: 0.999999 -0.000456891 0.000703374 0.000458111 0.999996 -0.00300068 -0.000702628 0.00300132 0.999995 -0.08118 -0.290621 1.21542
FixedParameters: 0 0 0

#Transform 114
Transform: AffineTransform_float_3_3
Parameters: 0.999999 -0.000456856 0.00087612 0.000458143 0.999997 -0.0024476 -0.00087488 0.0024484 0.999996 -0.0550011 -0.387966 1.11085
FixedParameters: 0 0 0

#Transform 115
Transform: AffineTransform_float_3_3
Parameters: 0.999999 -0.000101891 0.000842258 0.00010411 0.999997 -0.00250391 -0.000842742 0.00250409 0.999997 0.0762024 -0.122373 1.07506
FixedParameters: 0 0 0

#Transform 116
Transform: AffineTransform_float_3_3
Parameters: 1 -0.000458419 0.000308864 0.000458581 0.999998 -0.00188286 -0.000308137 0.00188314 0.999998 -0.160914 -0.330573 0.7064
FixedParameters: 0 0 0

#Transform 117
Transform: AffineTransform_float_3_3
Parameters: 0.999999 0.000119291 0.000801662 -0.000116711 0.999996 -0.00285709 -0.000801336 0.0028569 0.999995 0.160468 -0.0976601 1.23627
FixedParameters: 0 0 0

#Transform 118
Transform: AffineTransform_float_3_3
Parameters: 1 -2.85176e-05 0.000679064 3.04843e-05 0.999997 -0.00218298 -0.000679935 0.00218302 0.999998 0.0609382 -0.14601 0.908983
FixedParameters: 0 0 0

#Transform 119
Transform: AffineTransform_float_3_3
Parameters: 0.999999 5.67549e-05 0.000803878 -5.42447e-05 0.999997 -0.00218304 -0.00080412 0.00218295 0.999998 0.144373 -0.12109 0.999434
FixedParameters: 0 0 0

#Transform 120
Transform: AffineTransform_float_3_3
Parameters: 1 5.6437e-05 0.000698885 -5.45627e-05 0.999998 -0.00205604 -0.000699113 0.00205596 0.999997 0.12357 -0.0268049 0.859115
FixedParameters: 0 0 0

#Transform 121
Transform: AffineTransform_float_3_3
Parameters: 1 -0.000184693 0.000185306 0.000185306 0.999998 -0.00165596 -0.000184693 0.00165603 0.999998 -0.035955 -0.161644 0.564133
FixedParameters: 0 0 0

#Transform 122
Transform: AffineTransform_float_3_3
Parameters: 1 5.65414e-05 0.000611859 -5.44582e-05 0.999997 -0.00251903 -0.000612139 0.00251896 0.999996 0.113912 -0.032756 1.01591
FixedParameters: 0 0 0

#Transform 123
Transform: AffineTransform_float_3_3
Parameters: 1 -6.40358e-05 0.000626099 6.49639e-05 0.999999 -0.00153996 -0.0006259 0.00154004 0.999998 0.0673594 -0.127743 0.638874
FixedParameters: 0 0 0

#Transform 124
Transform: AffineTransform_float_3_3
Parameters: 1 5.64718e-05 0.000560854 -5.45277e-05 0.999996 -0.00262403 -0.000561145 0.00262397 0.999997 0.0994397 -0.0742209 1.06732
FixedParameters: 0 0 0

#Transform 125
Transform: AffineTransform_float_3_3
Parameters: 1 0.000105947 0.000449778 -0.000105053 0.999998 -0.00210405 -0.000450222 0.00210395 0.999997 0.145027 -0.066304 0.7998
FixedParameters: 0 0 0

#Transform 126
Transform: AffineTransform_float_3_3
Parameters: 1 0.000259806 0.000386459 -0.000259192 0.999998 -0.0020851 -0.000387541 0.0020849 0.999998 0.179301 -0.0625727 0.812191
FixedParameters: 0 0 0

#Transform 127
Transform: AffineTransform_float_3_3
Parameters: 1 0.000503146 0.000448718 -0.000501853 0.999996 -0.00255122 -0.000450281 0.00255077 0.999996 0.266363 0.0448086 0.988824
FixedParameters: 0 0 0

#Transform 128
Transform: AffineTransform_float_3_3
Parameters: 0.999999 0.00073688 0.000448557 -0.00073612 0.999998 -0.00195933 -0.000449443 0.00195867 0.999998 0.356807 0.0962217 0.748789
FixedParameters: 0 0 0

#Transform 129
Transform: AffineTransform_float_3_3
Parameters: 0.999999 0.00059388 0.000448837 -0.000593119 0.999998 -0.00195927 -0.000450163 0.00195873 0.999998 0.275564 0.0914258 0.76647
FixedParameters: 0 0 0

#Transform 130
Transform: AffineTransform_float_3_3
Parameters: 0.999999 0.000785217 0.000447872 -0.000783782 0.999996 -0.00271235 -0.000450127 0.00271165 0.999996 0.356977 0.12734 1.06604
FixedParameters: 0 0 0

#Transform 131
Transform: AffineTransform_float_3_3
Parameters: 0.999999 0.000571936 0.000448809 -0.000571063 0.999997 -0.00208426 -0.000450191 0.00208374 0.999997 0.262065 0.0250456 0.813861
FixedParameters: 0 0 0

#Transform 132
Transform: AffineTransform_float_3_3
Parameters: 0.999999 0.000653048 0.000448477 -0.000651952 0.999997 -0.00233429 -0.000449523 0.00233371 0.999997 0.310174 0.0281341 0.955749
FixedParameters: 0 0 0

#Transform 133
Transform: AffineTransform_float_3_3
Parameters: 0.999999 0.000779153 0.000447999 -0.000777846 0.999997 -0.00256935 -0.000449999 0.00256865 0.999996 0.351144 0.140682 1.0017
FixedParameters: 0 0 0

#Transform 134
Transform: AffineTransform_float_3_3
Parameters: 0.999999 0.000601684 0.000449084 -0.000600315 0.999998 -0.00152227 -0.000449914 0.00152173 0.999998 0.287896 0.108141 0.592418
FixedParameters: 0 0 0

#Transform 135
Transform: AffineTransform_float_3_3
Parameters: 0.999999 0.000762076 0.000448174 -0.000760923 0.999997 -0.00239734 -0.000449825 0.00239666 0.999997 0.342482 0.138147 0.956594
FixedParameters: 0 0 0

#Transform 136
Transform: AffineTransform_float_3_3
Parameters: 1 0.00102191 0.000447941 -0.0010211 0.999998 -0.00201646 -0.00045006 0.00201654 0.999998 0.4545 0.189796 0.774884
FixedParameters: 0 0 0

#Transform 137
Transform: AffineTransform_float_3_3
Parameters: 0.999999 0.000777959 0.000596752 -0.000777041 0.999999 -0.00160547 -0.000598248 0.00160454 0.999999 0.366355 0.157466 0.640712
FixedParameters: 0 0 0

#Transform 138
Transform: AffineTransform_float_3_3
Parameters: 0.999999 0.000854934 0.000448222 -0.000854066 0.999998 -0.00208038 -0.000449777 0.00207962 0.999997 0.36616 0.214348 0.781115
FixedParameters: 0 0 0

#Transform 139
Transform: AffineTransform_float_3_3
Parameters: 1 0.00102194 0.000502088 -0.00102106 0.999997 -0.00187251 -0.000503912 0.00187149 0.999998 0.440134 0.212033 0.691538
FixedParameters: 0 0 0

#Transform 140
Transform: AffineTransform_float_3_3
Parameters: 1 0.00102208 0.000447545 -0.00102092 0.999996 -0.00240346 -0.000449456 0.00240354 0.999997 0.433227 0.155368 0.955296
FixedParameters: 0 0 0

#Transform 141
Transform: AffineTransform_float_3_3
Parameters: 0.999999 0.00102254 0.000744897 -0.00102146 0.999998 -0.00205876 -0.000747104 0.00205824 0.999997 0.477203 0.208147 0.843298
FixedParameters: 0 0 0

#Transform 142
Transform: AffineTransform_float_3_3
Parameters: 0.999999 0.00102289 0.000795576 -0.00102111 0.999996 -0.00237281 -0.000798424 0.00237118 0.999997 0.492891 0.210983 1.0423
FixedParameters: 0 0 0

#Transform 143
Transform: AffineTransform_float_3_3
Parameters: 0.999999 0.0010229 0.000849723 -0.00102111 0.999997 -0.00222887 -0.000851278 0.00222813 0.999997 0.516157 0.197436 0.93727
FixedParameters: 0 0 0

#Transform 144
Transform: AffineTransform_float_3_3
Parameters: 0.999999 0.00102231 0.000729164 -0.00102169 0.999998 -0.00179775 -0.000730838 0.00179725 0.999998 0.515037 0.222531 0.775602
FixedParameters: 0 0 0

#Transform 145
Transform: AffineTransform_float_3_3
Parameters: 1 0.000937679 0.000623484 -0.000935323 0.999996 -0.00268659 -0.000625516 0.00268642 0.999996 0.463527 0.18108 1.08354
FixedParameters: 0 0 0

#Transform 146
Transform: AffineTransform_float_3_3
Parameters: 0.999999 0.000780765 0.000448672 -0.000780234 0.999998 -0.00170235 -0.000450329 0.00170265 0.999999 0.366518 0.12376 0.630256
FixedParameters: 0 0 0

#Transform 147
Transform: AffineTransform_float_3_3
Parameters: 0.999999 0.000798419 0.000958991 -0.00079658 0.999996 -0.00252077 -0.000961011 0.00251923 0.999997 0.441177 0.139386 1.16123
FixedParameters: 0 0 0

#Transform 148
Transform: AffineTransform_float_3_3
Parameters: 0.999999 0.000713803 0.000448726 -0.000713197 0.999998 -0.00178632 -0.000450275 0.00178668 0.999999 0.320891 0.15189 0.675286
FixedParameters: 0 0 0

#Transform 149
Transform: AffineTransform_float_3_3
Parameters: 1 0.000700774 0.000863564 -0.000699227 0.999997 -0.0020526 -0.000864437 0.00205239 0.999997 0.379029 0.158087 0.952808
FixedParameters: 0 0 0

#Transform 150
Transform: AffineTransform_float_3_3
Parameters: 0.999999 0.000719394 0.000713596 -0.000718606 0.999998 -0.00195251 -0.000714404 0.00195249 0.999998 0.363477 0.179092 0.821065
FixedParameters: 0 0 0

#Transform 151
Transform: AffineTransform_float_3_3
Parameters: 0.999999 0.000654701 0.000448979 -0.000653298 0.999998 -0.00156029 -0.000450019 0.0015597 0.999998 0.312766 0.158693 0.64336
FixedParameters: 0 0 0

#Transform 152
Transform: AffineTransform_float_3_3
Parameters: 0.999999 0.00102275 0.000763657 -0.00102125 0.999997 -0.00229378 -0.000766345 0.00229322 0.999997 0.509368 0.267859 0.982945
FixedParameters: 0 0 0

#Transform 153
Transform: AffineTransform_float_3_3
Parameters: 1 0.000668448 0.00102406 -0.000667552 0.999999 -0.00141369 -0.00102495 0.00141332 0.999999 0.400494 0.18032 0.723758
FixedParameters: 0 0 0

#Transform 154
Transform: AffineTransform_float_3_3
Parameters: 1 0.000821217 0.000900985 -0.000818783 0.999996 -0.00245774 -0.000903015 0.00245726 0.999996 0.424351 0.247122 1.11939
FixedParameters: 0 0 0

#Transform 155
Transform: AffineTransform_float_3_3
Parameters: 1 0.00102188 0.000634587 -0.00102112 0.999998 -0.00138365 -0.000635414 0.00138335 0.999999 0.487472 0.248715 0.594345
FixedParameters: 0 0 0

#Transform 156
Transform: AffineTransform_float_3_3
Parameters: 0.999998 0.00102409 0.00123444 -0.00102091 0.999997 -0.00250026 -0.00123656 0.00249874 0.999996 0.562643 0.204416 1.26325
FixedParameters: 0 0 0

#Transform 157
Transform: AffineTransform_float_3_3
Parameters: 1 0.00083669 0.000824288 -0.00083531 0.999997 -0.00204869 -0.000825713 0.00204831 0.999997 0.437375 0.12138 0.915227
FixedParameters: 0 0 0

#Transform 158
Transform: AffineTransform_float_3_3
Parameters: 0.999999 0.000784306 0.000974148 -0.000782695 0.999997 -0.00236476 -0.000975853 0.00236424 0.999996 0.437593 0.0974187 1.14738
FixedParameters: 0 0 0

#Transform 159
Transform: AffineTransform_float_3_3
Parameters: 0.999999 0.0010227 0.000883031 -0.0010213 0.999997 -0.0019269 -0.000884969 0.0019261 0.999998 0.522555 0.336488 0.843006
FixedParameters: 0 0 0

#Transform 160
Transform: AffineTransform_float_3_3
Parameters: 0.999999 0.00102297 0.00113323 -0.00102103 0.999998 -0.00173416 -0.00113477 0.00173284 0.999998 0.566827 0.180313 0.908354
FixedParameters: 0 0 0

#Transform 161
Transform: AffineTransform_float_3_3
Parameters: 0.999999 0.000429609 0.000789126 -0.000428392 0.999998 -0.00203734 -0.000789874 0.00203766 0.999997 0.276106 0.0487322 0.914513
FixedParameters: 0 0 0

#Transform 162
Transform: AffineTransform_float_3_3
Parameters: 0.999999 -0.000232052 0.000762289 0.000232948 0.999999 -0.00124382 -0.00076171 0.00124418 0.999999 0.0328862 -0.210587 0.754336
FixedParameters: 0 0 0

#Transform 163
Transform: AffineTransform_float_3_3
Parameters: 0.999999 0.000417022 0.000918084 -0.000414979 0.999998 -0.00220038 -0.000918915 0.00220062 0.999997 0.322291 0.145823 1.06112
FixedParameters: 0 0 0

#Transform 164
Transform: AffineTransform_float_3_3
Parameters: 1 -1.2001e-05 0.00118501 1.29989e-05 0.999999 -0.000842985 -0.00118499 0.000843014 0.999999 0.168583 -0.0397682 0.592428
FixedParameters: 0 0 0

#Transform 165
Transform: AffineTransform_float_3_3
Parameters: 0.999999 -0.000549859 0.00119599 0.000552142 0.999998 -0.00179134 -0.00119501 0.00179166 0.999997 -0.0467115 -0.146599 0.92904
FixedParameters: 0 0 0

#Transform 166
Transform: AffineTransform_float_3_3
Parameters: 0.999999 -0.000413295 0.00133184 0.000416705 0.999998 -0.00203145 -0.00133116 0.00203155 0.999997 0.000860545 -0.28276 1.07022
FixedParameters: 0 0 0

#Transform 167
Transform: AffineTransform_float_3_3
Parameters: 1 -0.000296754 0.000980683 0.000298245 0.999998 -0.00229071 -0.00097932 0.00229129 0.999997 -0.00167537 -0.260293 1.19759
FixedParameters: 0 0 0

#Transform 168
Transform: AffineTransform_float_3_3
Parameters: 1 -0.000549993 0.00106304 0.000552007 0.999998 -0.00188841 -0.00106196 0.00188958 0.999997 -0.126286 -0.242088 0.998887
FixedParameters: 0 0 0

#Transform 169
Transform: AffineTransform_float_3_3
Parameters: 0.999999 -5.82261e-05 0.000939111 6.07736e-05 0.999998 -0.00188894 -0.000938886 0.00188906 0.999998 0.0819735 -0.150173 0.941339
FixedParameters: 0 0 0

#Transform 170
Transform: AffineTransform_float_3_3
Parameters: 0.999999 -0.00017626 0.000921334 0.000178741 0.999998 -0.00188884 -0.000921663 0.00188916 0.999998 0.0413075 -0.0809757 0.936387
FixedParameters: 0 0 0

#Transform 171
Transform: AffineTransform_float_3_3
Parameters: 0.999999 -0.000214663 0.00123741 0.000216336 0.999998 -0.00188874 -0.00123659 0.00188927 0.999998 0.069574 -0.148317 0.995636
FixedParameters: 0 0 0

#Transform 172
Transform: AffineTransform_float_3_3
Parameters: 1 -0.000196607 0.00100927 0.000198395 0.999999 -0.0013808 -0.00100973 0.0013802 0.999998 0.0298788 -0.128379 0.772271
FixedParameters: 0 0 0

#Transform 173
Transform: AffineTransform_float_3_3
Parameters: 1 -0.000103509 0.00118222 0.00010549 0.999998 -0.00210688 -0.00118178 0.00210712 0.999997 0.0908621 -0.0415909 1.06821
FixedParameters: 0 0 0

#Transform 174
Transform: AffineTransform_float_3_3
Parameters: 0.999999 -0.000193776 0.00133118 0.000195224 0.999999 -0.00091874 -0.00133182 0.000919258 0.999998 0.0813765 -0.0995443 0.653126
FixedParameters: 0 0 0

#Transform 175
Transform: AffineTransform_float_3_3
Parameters: 1 -0.000286132 0.00102452 0.000287869 0.999999 -0.00182371 -0.00102448 0.00182429 0.999998 -0.00522885 -0.0953119 0.919392
FixedParameters: 0 0 0

#Transform 176
Transform: AffineTransform_float_3_3
Parameters: 1 -7.593e-05 0.00105008 7.7071e-05 1 -0.00101892 -0.00105092 0.00101908 0.999999 0.0986336 8.93734e-05 0.59218
FixedParameters: 0 0 0

#Transform 177
Transform: AffineTransform_float_3_3
Parameters: 0.999999 -7.55806e-05 0.000927117 7.74191e-05 0.999999 -0.00153093 -0.000926883 0.00153107 0.999999 0.0931162 0.0535568 0.800614
FixedParameters: 0 0 0

#Transform 178
Transform: AffineTransform_float_3_3
Parameters: 0.999999 -7.50313e-05 0.00133111 7.69699e-05 0.999999 -0.0014789 -0.00133189 0.0014791 0.999998 0.134468 -0.00559718 0.870608
FixedParameters: 0 0 0

#Transform 179
Transform: AffineTransform_float_3_3
Parameters: 1 -0.000680352 0.000905241 0.00068165 0.999998 -0.00182138 -0.00090476 0.00182262 0.999998 -0.151798 -0.333795 0.940591
FixedParameters: 0 0 0

#Transform 180
Transform: AffineTransform_float_3_3
Parameters: 0.999999 -0.00128271 0.000557977 0.00128429 0.999997 -0.00231929 -0.000555023 0.00231972 0.999997 -0.435318 -0.405039 0.967316
FixedParameters: 0 0 0

#Transform 181
Transform: AffineTransform_float_3_3
Parameters: 1 -0.000836928 0.000761181 0.000838072 0.999998 -0.00140936 -0.00075982 0.00140964 0.999998 -0.22028 -0.304408 0.678583
FixedParameters: 0 0 0

#Transform 182
Transform: AffineTransform_float_3_3
Parameters: 1 -0.000836034 0.000762163 0.000837967 0.999997 -0.00258336 -0.000759838 0.00258364 0.999997 -0.223832 -0.366355 1.16702
FixedParameters: 0 0 0

#Transform 183
Transform: AffineTransform_float_3_3
Parameters: 1 -0.000836361 0.000761805 0.000837639 0.999998 -0.00215536 -0.000759197 0.00215564 0.999998 -0.232689 -0.363907 0.958682
FixedParameters: 0 0 0

#Transform 184
Transform: AffineTransform_float_3_3
Parameters: 1 -0.000836385 0.000761779 0.000837615 0.999998 -0.00212337 -0.000759224 0.00212364 0.999998 -0.192535 -0.439759 0.988044
FixedParameters: 0 0 0

#Transform 185
Transform: AffineTransform_float_3_3
Parameters: 1 -0.000836261 0.00066619 0.000837742 0.999996 -0.00261544 -0.000664812 0.00261556 0.999997 -0.215442 -0.359068 1.12868
FixedParameters: 0 0 0

#Transform 186
Transform: AffineTransform_float_3_3
Parameters: 0.999998 -0.00147379 0.000735429 0.00147521 0.999998 -0.00164692 -0.000732571 0.00164808 0.999999 -0.487514 -0.526764 0.731671
FixedParameters: 0 0 0

#Transform 187
Transform: AffineTransform_float_3_3
Parameters: 1 -0.00101932 0.00041368 0.00101968 0.999998 -0.00164758 -0.000411321 0.00164742 0.999998 -0.339983 -0.375458 0.675702
FixedParameters: 0 0 0

#Transform 188
Transform: AffineTransform_float_3_3
Parameters: 0.999999 -0.000924778 0.000827491 0.000927224 0.999996 -0.00268923 -0.00082551 0.00268977 0.999996 -0.206267 -0.437158 1.19192
FixedParameters: 0 0 0

#Transform 189
Transform: AffineTransform_float_3_3
Parameters: 1 -0.000837375 0.000311685 0.000837626 0.999997 -0.00201074 -0.000310316 0.00201126 0.999998 -0.261125 -0.396077 0.749825
FixedParameters: 0 0 0

#Transform 190
Transform: AffineTransform_float_3_3
Parameters: 0.999999 -0.000837376 0.000203584 0.000837625 0.999995 -0.00308483 -0.000201417 0.00308517 0.999995 -0.259367 -0.48085 1.19327
FixedParameters: 0 0 0

#Transform 191
Transform: AffineTransform_float_3_3
