# transform file /out/sourcedata/freesurfer/sub-v1s0x0050659_ses-1/mri/transforms/cc_up.lta
# created by oesteban on Wed Mar 11 22:45:41 2026

type      = 0 # LINEAR_VOX_TO_VOX
nxforms   = 1
mean      = 129.0000 115.0000 112.0000
sigma     = 10000.0000
1 4 4
9.976052641868591e-01 -3.342002257704735e-02 6.055448949337006e-02 -3.469341278076172e+00 
3.335862606763840e-02 9.994414448738098e-01 2.024863380938768e-03 2.955129623413086e+01 
-6.058833375573158e-02 2.328306436538696e-10 9.981628060340881e-01 3.298585510253906e+01 
0.000000000000000e+00 0.000000000000000e+00 0.000000000000000e+00 1.000000000000000e+00 
src volume info
valid = 1  # volume info valid
filename = /out/sourcedata/freesurfer/sub-v1s0x0050659_ses-1/mri/norm.mgz
volume = 256 256 256
voxelsize = 1.000000000000000e+00 1.000000000000000e+00 1.000000000000000e+00
xras   = -1.000000000000000e+00 0.000000000000000e+00 0.000000000000000e+00
yras   = 0.000000000000000e+00 0.000000000000000e+00 -1.000000000000000e+00
zras   = 0.000000000000000e+00 1.000000000000000e+00 0.000000000000000e+00
cras   = -1.500000000000000e+00 1.000000000000000e+00 1.000000000000000e+00
dst volume info
valid = 1  # volume info valid
filename = /out/sourcedata/freesurfer/sub-v1s0x0050659_ses-1/mri/norm.mgz
volume = 256 256 256
voxelsize = 1.000000000000000e+00 1.000000000000000e+00 1.000000000000000e+00
xras   = -1.000000000000000e+00 0.000000000000000e+00 0.000000000000000e+00
yras   = 0.000000000000000e+00 0.000000000000000e+00 -1.000000000000000e+00
zras   = 0.000000000000000e+00 1.000000000000000e+00 0.000000000000000e+00
cras   = -1.500000000000000e+00 1.000000000000000e+00 1.000000000000000e+00
