#Insight Transform File V1.0
#Transform 0
Transform: AffineTransform_float_3_3
Parameters: 0.999999 0.00100111 8.37126e-05 -0.00100089 0.999998 -0.00128608 -8.52871e-05 0.00128592 0.999999 0.455484 -0.205115 0.638386
FixedParameters: 0 0 0

#Transform 1
Transform: AffineTransform_float_3_3
Parameters: 0.999999 0.001262 -3.155e-07 -0.001262 0.999999 -0.00025 -3.155e-07 0.00025 1 0.517473 0.131601 0.151617
FixedParameters: 0 0 0

#Transform 2
Transform: AffineTransform_float_3_3
Parameters: 1 0.000626 -3.62454e-07 -0.000626 0.999999 -0.000579 -3.62454e-07 0.000579 1 0.261428 -0.0506983 0.319838
FixedParameters: 0 0 0

#Transform 3
Transform: AffineTransform_float_3_3
Parameters: 1 0.000216 -9.72e-08 -0.000216 1 -0.00045 -9.72e-08 0.00045 1 0.113476 -0.221933 0.212847
FixedParameters: 0 0 0

#Transform 4
Transform: AffineTransform_float_3_3
Parameters: 1 9.9974e-05 -5.60464e-05 -0.000100026 1 -0.000463994 5.59536e-05 0.000464005 1 0.051807 -0.153482 0.176799
FixedParameters: 0 0 0

#Transform 5
Transform: AffineTransform_float_3_3
Parameters: 1 0.000435 -5.7681e-07 -0.000435001 0.999999 -0.001326 4.23189e-07 0.001326 0.999999 0.195282 -0.226705 0.5944
FixedParameters: 0 0 0

#Transform 6
Transform: AffineTransform_float_3_3
Parameters: 1 0.000216 -5.4e-08 -0.000216 1 -0.00025 -5.4e-08 0.00025 1 0.113481 -0.219228 0.135957
FixedParameters: 0 0 0

#Transform 7
Transform: AffineTransform_float_3_3
Parameters: 1 0.000216 1.1232e-08 -0.000216 1 5.2e-05 1.1232e-08 -5.2e-05 1 0.113519 -0.0444875 -0.0546989
FixedParameters: 0 0 0

#Transform 8
Transform: AffineTransform_float_3_3
Parameters: 1 0.000216 -7.8192e-08 -0.000216 1 -0.000362 -7.8192e-08 0.000362 1 0.130199 -0.105816 0.104752
FixedParameters: 0 0 0

#Transform 9
Transform: AffineTransform_float_3_3
Parameters: 1 0.000215919 -0.000407043 -0.000216081 1 -0.000197912 0.000406957 0.000198088 1 0.0304255 -0.0638337 -0.0848387
FixedParameters: 0 0 0

#Transform 10
Transform: AffineTransform_float_3_3
Parameters: 1 -7.06533e-06 -0.000182997 6.93467e-06 1 -0.000357001 0.000183002 0.000356999 1 -0.00348558 -0.169843 0.0621939
FixedParameters: 0 0 0

#Transform 11
Transform: AffineTransform_float_3_3
Parameters: 1 0.000216 -2.84472e-07 -0.000216 0.999999 -0.001317 -2.84472e-07 0.001317 0.999999 0.151008 -0.300472 0.537295
FixedParameters: 0 0 0

#Transform 12
Transform: AffineTransform_float_3_3
Parameters: 1 0.000101 -4.1814e-08 -0.000101 1 -0.000414 -4.1814e-08 0.000414 1 0.0822296 -0.225637 0.163663
FixedParameters: 0 0 0

#Transform 13
Transform: AffineTransform_float_3_3
Parameters: 1 0.00021591 -0.000163119 -0.00021609 1 -0.000550965 0.000162881 0.000551035 1 0.0875643 -0.14317 0.167799
FixedParameters: 0 0 0

#Transform 14
Transform: AffineTransform_float_3_3
Parameters: 1 0.000216 -4.0392e-08 -0.000216 1 -0.000187 -4.0392e-08 0.000187 1 0.145673 -0.00490124 0.0669727
FixedParameters: 0 0 0

#Transform 15
Transform: AffineTransform_float_3_3
Parameters: 1 -0.000227 -2.0884e-08 0.000227 1 9.2e-05 -2.0884e-08 -9.2e-05 1 -0.0352876 -0.132509 -0.0445861
FixedParameters: 0 0 0

#Transform 16
Transform: AffineTransform_float_3_3
Parameters: 1 -5.4e-05 1.431e-08 5.4e-05 1 -0.000265 1.431e-08 0.000265 1 0.0353396 -0.114494 0.112259
FixedParameters: 0 0 0

#Transform 17
Transform: AffineTransform_float_3_3
Parameters: 1 -0.00010903 -0.000176981 0.00010897 1 -0.000172019 0.000177019 0.000171981 1 -0.0490034 -0.172073 0.00902867
FixedParameters: 0 0 0

#Transform 18
Transform: AffineTransform_float_3_3
Parameters: 1 7e-06 -2.772e-09 -7e-06 1 -0.000396 -2.772e-09 0.000396 1 0.0251291 -0.0949868 0.15225
FixedParameters: 0 0 0

#Transform 19
Transform: AffineTransform_float_3_3
Parameters: 1 -0.000101 -1.2928e-08 0.000101 1 0.000128 -1.2928e-08 -0.000128 1 -0.0202615 -0.0973624 -0.0563612
FixedParameters: 0 0 0

#Transform 20
Transform: AffineTransform_float_3_3
Parameters: 1 0.000216 -7.9056e-08 -0.000216 1 -0.000366 -7.9056e-08 0.000366 1 0.0822124 -0.0454218 0.157837
FixedParameters: 0 0 0

#Transform 21
Transform: AffineTransform_float_3_3
Parameters: 1 -0.000296065 0.000119839 0.000295935 1 0.000543035 -0.000120161 -0.000542964 1 -0.0588507 -0.0517122 -0.139622
FixedParameters: 0 0 0

#Transform 22
Transform: AffineTransform_float_3_3
Parameters: 1 -0.000296 5.5944e-08 0.000296 1 -0.000189 5.5944e-08 0.000189 1 -0.0894467 -0.113823 0.0908094
FixedParameters: 0 0 0

#Transform 23
Transform: AffineTransform_float_3_3
Parameters: 1 -0.000296 -9.3536e-08 0.000296 1 0.000316 -9.3536e-08 -0.000316 1 -0.0723226 -0.0465788 -0.104793
FixedParameters: 0 0 0

#Transform 24
Transform: AffineTransform_float_3_3
Parameters: 1 -0.000390998 -5.80102e-05 0.000391001 1 2.59773e-05 5.79898e-05 -2.60227e-05 1 -0.125959 -0.107292 -0.0144041
FixedParameters: 0 0 0

#Transform 25
Transform: AffineTransform_float_3_3
Parameters: 1 -0.000296 3.0488e-08 0.000296 1 -0.000103 3.0488e-08 0.000103 1 -0.072308 -0.0958332 0.0699239
FixedParameters: 0 0 0

#Transform 26
Transform: AffineTransform_float_3_3
Parameters: 1 -0.000295994 5.50305e-05 0.000296006 1 -0.000102984 -5.49695e-05 0.000103016 1 -0.058249 -0.14309 0.0860497
FixedParameters: 0 0 0

#Transform 27
Transform: AffineTransform_float_3_3
Parameters: 1 -0.000401 2.0451e-07 0.000401 1 -0.00051 2.0451e-07 0.00051 1 -0.105114 -0.277932 0.262269
FixedParameters: 0 0 0

#Transform 28
Transform: AffineTransform_float_3_3
Parameters: 1 -0.000296 5.0912e-08 0.000296 1 -0.000172 5.0912e-08 0.000172 1 -0.072275 -0.20737 0.116224
FixedParameters: 0 0 0

#Transform 29
Transform: AffineTransform_float_3_3
Parameters: 1 -0.000295957 9.81284e-05 0.000296042 1 -0.000433971 -9.78715e-05 0.000434029 1 -0.04721 -0.248985 0.233789
FixedParameters: 0 0 0

#Transform 30
Transform: AffineTransform_float_3_3
Parameters: 1 -0.000296 8.88e-08 0.000296 1 -0.0003 8.88e-08 0.0003 1 -0.0701882 -0.243825 0.133553
FixedParameters: 0 0 0

#Transform 31
Transform: AffineTransform_float_3_3
Parameters: 1 -0.000418 -9.3632e-08 0.000418 1 0.000224 -9.3632e-08 -0.000224 1 -0.114916 -0.146261 -0.0636769
FixedParameters: 0 0 0

#Transform 32
Transform: AffineTransform_float_3_3
Parameters: 1 -0.000296 -1.6872e-08 0.000296 1 5.7e-05 -1.6872e-08 -5.7e-05 1 -0.0723001 -0.12263 -0.0074176
FixedParameters: 0 0 0

#Transform 33
Transform: AffineTransform_float_3_3
Parameters: 1 -0.000296004 7.09831e-05 0.000295996 1 5.7021e-05 -7.10169e-05 -5.6979e-05 1 -0.0750912 -0.12263 0.00238523
FixedParameters: 0 0 0

#Transform 34
Transform: AffineTransform_float_3_3
Parameters: 1 -0.000295975 -5.31385e-05 0.000296025 1 0.000467984 5.28615e-05 -0.000468016 1 -0.090182 -0.0177044 -0.248652
FixedParameters: 0 0 0

#Transform 35
Transform: AffineTransform_float_3_3
Parameters: 1 -0.000295992 -0.000138017 0.000296008 1 5.69591e-05 0.000137983 -5.70408e-05 1 -0.111886 -0.0877857 -0.091235
FixedParameters: 0 0 0

#Transform 36
Transform: AffineTransform_float_3_3
Parameters: 1 -0.000296 -1.6428e-07 0.000296 1 0.000555 -1.6428e-07 -0.000555 1 -0.0662706 0.0107941 -0.257945
FixedParameters: 0 0 0

#Transform 37
Transform: AffineTransform_float_3_3
Parameters: 1 -0.000389 -1.167e-09 0.000389 1 3e-06 -1.167e-09 -3e-06 1 -0.0967599 -0.137541 -0.0221286
FixedParameters: 0 0 0

#Transform 38
Transform: AffineTransform_float_3_3
Parameters: 1 -0.000501 -7.1643e-08 0.000501 1 0.000143 -7.1643e-08 -0.000143 1 -0.139329 -0.175753 -0.0813227
FixedParameters: 0 0 0

#Transform 39
Transform: AffineTransform_float_3_3
Parameters: 1 -0.000586982 -6.91479e-05 0.000587017 1 0.000251959 6.8852e-05 -0.00025204 1 -0.195288 -0.101302 -0.128789
FixedParameters: 0 0 0

#Transform 40
Transform: AffineTransform_float_3_3
Parameters: 1 -0.000587 -1.94297e-07 0.000587 1 0.000331 -1.94297e-07 -0.000331 1 -0.17759 -0.10209 -0.140833
FixedParameters: 0 0 0

#Transform 41
Transform: AffineTransform_float_3_3
Parameters: 1 -0.000296 8.9688e-08 0.000296 1 -0.000303 8.9688e-08 0.000303 1 -0.058788 -0.136372 0.134941
FixedParameters: 0 0 0

#Transform 42
Transform: AffineTransform_float_3_3
Parameters: 1 -0.000296028 9.19082e-05 0.000295972 1 0.000310027 -9.10917e-05 -0.000309973 1 -0.0405205 -0.0512187 -0.0887038
FixedParameters: 0 0 0

#Transform 43
Transform: AffineTransform_float_3_3
Parameters: 1 -0.000296 1.4504e-08 0.000296 1 -4.9e-05 1.4504e-08 4.9e-05 1 -0.0588115 -0.0873333 0.0312109
FixedParameters: 0 0 0

#Transform 44
Transform: AffineTransform_float_3_3
Parameters: 1 -0.000295633 0.000454239 0.000296367 0.999999 -0.000807865 -0.00045376 0.000808134 0.999999 0.0574279 -0.26447 0.49211
FixedParameters: 0 0 0

#Transform 45
Transform: AffineTransform_float_3_3
Parameters: 1 -0.000295743 0.000453167 0.000296256 1 -0.000565866 -0.000452832 0.000566134 0.999999 0.0571229 -0.270144 0.392703
FixedParameters: 0 0 0

#Transform 46
Transform: AffineTransform_float_3_3
Parameters: 1 -0.000469867 0.000235266 0.000469133 0.999999 -0.000565889 -0.000234734 0.00056611 1 -0.0695621 -0.306964 0.375959
FixedParameters: 0 0 0

#Transform 47
Transform: AffineTransform_float_3_3
Parameters: 1 -0.000295893 0.000274115 0.000296107 1 -0.000389919 -0.000273884 0.000390081 1 -0.00211298 -0.196407 0.244078
FixedParameters: 0 0 0

#Transform 48
Transform: AffineTransform_float_3_3
Parameters: 1 -0.000296 1.96544e-07 0.000296 0.999999 -0.000664 1.96544e-07 0.000664 1 -0.0768163 -0.243448 0.274119
FixedParameters: 0 0 0

#Transform 49
Transform: AffineTransform_float_3_3
Parameters: 1 -0.000458 2.34038e-07 0.000458 1 -0.000511 2.34038e-07 0.000511 1 -0.142896 -0.286109 0.189097
FixedParameters: 0 0 0

#Transform 50
Transform: AffineTransform_float_3_3
Parameters: 1 -0.000554 3.7672e-08 0.000554 1 -6.8e-05 3.7672e-08 6.8e-05 1 -0.182162 -0.194156 0.0149678
FixedParameters: 0 0 0

#Transform 51
Transform: AffineTransform_float_3_3
Parameters: 1 -0.000701999 -3.53808e-07 0.000701999 0.999999 0.000504 -3.53808e-07 -0.000504 1 -0.232284 -0.101506 -0.249961
FixedParameters: 0 0 0

#Transform 52
Transform: AffineTransform_float_3_3
Parameters: 0.999999 -0.000701867 -0.000263354 0.000702132 0.999999 0.000503815 0.000262646 -0.000504184 1 -0.290341 -0.0915729 -0.325947
FixedParameters: 0 0 0

#Transform 53
Transform: AffineTransform_float_3_3
Parameters: 1 -0.000466 -2.12496e-07 0.000466 1 0.000456 -2.12496e-07 -0.000456 1 -0.126848 0.0317218 -0.241127
FixedParameters: 0 0 0

#Transform 54
Transform: AffineTransform_float_3_3
Parameters: 1 -0.000581 -1.24334e-07 0.000581 1 0.000214 -1.24334e-07 -0.000214 1 -0.173802 -0.0874122 -0.121683
FixedParameters: 0 0 0

#Transform 55
Transform: AffineTransform_float_3_3
Parameters: 1 -0.000702 -2.40786e-07 0.000702 0.999999 0.000343 -2.40786e-07 -0.000343 1 -0.223162 -0.129364 -0.180425
FixedParameters: 0 0 0

#Transform 56
Transform: AffineTransform_float_3_3
Parameters: 1 -4.6e-05 3.335e-08 4.6e-05 0.999999 -0.000725 3.335e-08 0.000725 0.999999 0.0247373 -0.162855 0.295231
FixedParameters: 0 0 0

#Transform 57
Transform: AffineTransform_float_3_3
Parameters: 1 -0.000487 -1.32951e-07 0.000487 1 0.000273 -1.32951e-07 -0.000273 1 -0.152373 -0.117517 -0.129558
FixedParameters: 0 0 0

#Transform 58
Transform: AffineTransform_float_3_3
Parameters: 1 -0.00043 -1.161e-07 0.00043 1 0.00027 -1.161e-07 -0.00027 1 -0.0926663 -0.00185869 -0.132007
FixedParameters: 0 0 0

#Transform 59
Transform: AffineTransform_float_3_3
Parameters: 1 -0.000647 -5.22129e-07 0.000647001 1 0.000807 4.7787e-07 -0.000807001 0.999999 -0.181273 0.0166038 -0.363182
FixedParameters: 0 0 0

#Transform 60
Transform: AffineTransform_float_3_3
Parameters: 1 -0.000496 -4.0176e-08 0.000496 1 8.1e-05 -4.0176e-08 -8.1e-05 1 -0.143216 -0.0684391 -0.0775393
FixedParameters: 0 0 0

#Transform 61
Transform: AffineTransform_float_3_3
Parameters: 1 -0.000496 -9.8704e-08 0.000496 1 0.000199 -9.8704e-08 -0.000199 1 -0.139783 -0.13073 -0.112318
FixedParameters: 0 0 0

#Transform 62
Transform: AffineTransform_float_3_3
Parameters: 1 -0.000496 -5.456e-08 0.000496 1 0.00011 -5.456e-08 -0.00011 1 -0.139808 -0.0807594 -0.0786106
FixedParameters: 0 0 0

#Transform 63
Transform: AffineTransform_float_3_3
Parameters: 1 -0.000663021 5.77606e-05 0.000662979 0.999999 0.000361038 -5.82393e-05 -0.000360961 1 -0.193176 -0.112073 -0.144021
FixedParameters: 0 0 0

#Transform 64
Transform: AffineTransform_float_3_3
Parameters: 0.999999 -0.000909999 -3.6764e-07 0.000909999 0.999999 0.000404 -3.6764e-07 -0.000404 1 -0.303518 -0.194576 -0.153167
FixedParameters: 0 0 0

#Transform 65
Transform: AffineTransform_float_3_3
Parameters: 0.999999 -0.000826 -4.60908e-07 0.000826 1 0.000558 -4.60908e-07 -0.000558 1 -0.256716 -0.102707 -0.237463
FixedParameters: 0 0 0

#Transform 66
Transform: AffineTransform_float_3_3
Parameters: 0.999999 -0.000959041 9.96019e-05 0.000958959 1 0.000415096 -9.93979e-05 -0.000414905 1 -0.299393 -0.196942 -0.133509
FixedParameters: 0 0 0

#Transform 67
Transform: AffineTransform_float_3_3
Parameters: 0.999999 -0.000766007 7.69211e-05 0.000765992 0.999999 0.000103059 -7.70789e-05 -0.000102941 1 -0.206443 -0.181862 -0.0505156
FixedParameters: 0 0 0

#Transform 68
Transform: AffineTransform_float_3_3
Parameters: 1 -0.000627999 8.25192e-07 0.000628001 0.999999 -0.001314 -1.74807e-07 0.001314 0.999999 -0.169592 -0.455783 0.519824
FixedParameters: 0 0 0

#Transform 69
Transform: AffineTransform_float_3_3
Parameters: 0.999999 -0.000813949 0.000150273 0.00081305 0.999999 -0.000334878 -0.000149728 0.000335122 1 -0.230926 -0.470302 0.191788
FixedParameters: 0 0 0

#Transform 70
Transform: AffineTransform_float_3_3
Parameters: 1 -0.000382586 0.000302524 0.000382414 0.999999 -0.00136888 -0.000302477 0.00136912 0.999999 -0.0212099 -0.398332 0.662821
FixedParameters: 0 0 0

#Transform 71
Transform: AffineTransform_float_3_3
Parameters: 1 -0.000683951 0.000137241 0.000684048 0.999999 -0.000352906 -0.000136758 0.000353093 1 -0.207396 -0.390868 0.201614
FixedParameters: 0 0 0

#Transform 72
Transform: AffineTransform_float_3_3
Parameters: 1 -0.000205763 0.000279174 0.000206237 0.999999 -0.000847942 -0.000279825 0.000848057 0.999999 0.0306002 -0.223432 0.406599
FixedParameters: 0 0 0

#Transform 73
Transform: AffineTransform_float_3_3
Parameters: 1 -0.000587001 5.89871e-05 0.000586998 1 2.20346e-05 -5.90129e-05 -2.19654e-05 1 -0.155354 -0.269743 0.00631971
FixedParameters: 0 0 0

#Transform 74
Transform: AffineTransform_float_3_3
Parameters: 1 -0.000170857 0.000261094 0.000171143 1 -0.000547955 -0.000260906 0.000548044 1 0.0525584 -0.125167 0.269533
FixedParameters: 0 0 0

#Transform 75
Transform: AffineTransform_float_3_3
Parameters: 1 1.3047e-05 0.000489999 -1.2953e-05 1 -9.60063e-05 -0.000490001 9.59936e-05 1 0.202846 -0.000271608 0.155896
FixedParameters: 0 0 0

#Transform 76
Transform: AffineTransform_float_3_3
Parameters: 1 -8e-06 -2.576e-09 8e-06 1 0.000322 -2.576e-09 -0.000322 1 0.0688938 0.100331 -0.163951
FixedParameters: 0 0 0

#Transform 77
Transform: AffineTransform_float_3_3
Parameters: 1 -0.000273084 8.77384e-05 0.000272916 1 0.000958024 -8.82614e-05 -0.000957976 0.999999 -0.0350594 0.138978 -0.396427
FixedParameters: 0 0 0

#Transform 78
Transform: AffineTransform_float_3_3
Parameters: 1 -0.000647 -5.78418e-07 0.000647001 1 0.000894 4.21581e-07 -0.000894 0.999999 -0.208346 0.0229093 -0.37045
FixedParameters: 0 0 0

#Transform 79
Transform: AffineTransform_float_3_3
Parameters: 1 -0.00110606 4.97579e-05 0.00110594 0.999999 0.00112306 -5.1242e-05 -0.00112294 1 -0.379613 -0.0533643 -0.433398
FixedParameters: 0 0 0

#Transform 80
Transform: AffineTransform_float_3_3
Parameters: 0.999999 -0.000929105 0.000230576 0.000928895 1 0.000456215 -0.000230423 -0.000455786 1 -0.251264 -0.176423 -0.114397
FixedParameters: 0 0 0

#Transform 81
Transform: AffineTransform_float_3_3
Parameters: 1 -0.00100888 -0.000192625 0.00100912 1 0.000619806 0.000191374 -0.000620193 1 -0.392183 -0.179377 -0.27888
FixedParameters: 0 0 0

#Transform 82
Transform: AffineTransform_float_3_3
Parameters: 1 -0.0010089 0.000158614 0.0010091 1 -0.00060884 -0.000157385 0.000609159 1 -0.30245 -0.447119 0.306647
FixedParameters: 0 0 0

#Transform 83
Transform: AffineTransform_float_3_3
Parameters: 0.999999 -0.000694787 0.000158932 0.000695211 0.999999 -0.00134189 -0.000157067 0.00134211 0.999999 -0.186301 -0.606729 0.655419
FixedParameters: 0 0 0

#Transform 84
Transform: AffineTransform_float_3_3
Parameters: 0.999999 -0.0010088 0.000159239 0.00100919 0.999998 -0.00122784 -0.000157761 0.00122816 0.999999 -0.305162 -0.712625 0.591219
FixedParameters: 0 0 0

#Transform 85
Transform: AffineTransform_float_3_3
Parameters: 0.999999 -0.00100881 0.000159177 0.00100918 0.999999 -0.00116684 -0.000157823 0.00116616 1 -0.320726 -0.649547 0.606021
FixedParameters: 0 0 0

#Transform 86
Transform: AffineTransform_float_3_3
Parameters: 1 -0.00100898 -0.000209117 0.00100903 1 0.000115789 0.000209883 -0.000116212 1 -0.423943 -0.3346 -0.110997
FixedParameters: 0 0 0

#Transform 87
Transform: AffineTransform_float_3_3
Parameters: 0.999999 -0.000824031 8.66975e-05 0.000823968 0.999999 0.000367071 -8.63023e-05 -0.000366929 1 -0.264709 -0.13359 -0.168613
FixedParameters: 0 0 0

#Transform 88
Transform: AffineTransform_float_3_3
Parameters: 1 -0.00107889 -0.000134916 0.00107911 0.999999 0.000848855 0.000134084 -0.000849145 0.999999 -0.415417 -0.122631 -0.421724
FixedParameters: 0 0 0

#Transform 89
Transform: AffineTransform_float_3_3
Parameters: 1 -0.00100899 -1.16185e-05 0.00100901 1 0.000612989 1.03815e-05 -0.000613011 1 -0.356141 -0.0954172 -0.325609
FixedParameters: 0 0 0

#Transform 90
Transform: AffineTransform_float_3_3
Parameters: 1 -0.00100912 0.000157208 0.00100888 0.999999 0.000785159 -0.000157792 -0.000784841 0.999999 -0.301067 -0.0867815 -0.310049
FixedParameters: 0 0 0

#Transform 91
Transform: AffineTransform_float_3_3
Parameters: 1 -0.00100914 0.000157118 0.00100886 0.999999 0.000874159 -0.000157883 -0.000874841 0.999999 -0.301106 -0.0514538 -0.333095
FixedParameters: 0 0 0

#Transform 92
Transform: AffineTransform_float_3_3
Parameters: 0.999999 -0.000761112 0.000157462 0.000760889 1 0.00070712 -0.000157538 -0.00070688 0.999999 -0.19959 -0.00994469 -0.267028
FixedParameters: 0 0 0

#Transform 93
Transform: AffineTransform_float_3_3
Parameters: 1 -0.00100908 0.000157491 0.00100892 1 0.000504159 -0.000157508 -0.000503841 1 -0.300959 -0.168168 -0.189261
FixedParameters: 0 0 0

#Transform 94
Transform: AffineTransform_float_3_3
Parameters: 0.999999 -0.000719071 0.000157675 0.000718928 0.999999 0.000452113 -0.000157325 -0.000451887 1 -0.199921 -0.0638763 -0.155632
FixedParameters: 0 0 0

#Transform 95
Transform: AffineTransform_float_3_3
Parameters: 1 -0.0010092 0.000691715 0.00100881 1 0.000282698 -0.000692284 -0.000281302 0.999999 -0.141656 -0.230722 0.123739
FixedParameters: 0 0 0

#Transform 96
Transform: AffineTransform_float_3_3
Parameters: 1 -0.000593834 0.000158624 0.000594166 1 -0.00105091 -0.000157375 0.00105109 0.999999 -0.114197 -0.497748 0.564272
FixedParameters: 0 0 0

#Transform 97
Transform: AffineTransform_float_3_3
Parameters: 0.999999 -0.000719991 4.51404e-05 0.000720008 0.999999 -0.000194967 -4.48596e-05 0.000195032 1 -0.220866 -0.430578 0.120381
FixedParameters: 0 0 0

#Transform 98
Transform: AffineTransform_float_3_3
Parameters: 1 -0.000422967 0.000245057 0.000423033 1 -0.000134896 -0.000244943 0.000135104 1 -0.0344056 -0.0998673 0.124499
FixedParameters: 0 0 0

#Transform 99
Transform: AffineTransform_float_3_3
Parameters: 1 -0.000598282 0.00024431 0.000598718 0.999999 0.00115415 -0.000244691 -0.00115385 1 -0.106253 0.011492 -0.397662
FixedParameters: 0 0 0

#Transform 100
Transform: AffineTransform_float_3_3
Parameters: 1 -0.000454125 0.00018369 0.000453874 0.999999 0.000682083 -0.000184309 -0.000681916 1 -0.0859898 0.101539 -0.26165
FixedParameters: 0 0 0

#Transform 101
Transform: AffineTransform_float_3_3
Parameters: 1 -0.000519136 0.000244711 0.000518864 0.999999 0.000557127 -0.000244289 -0.000556873 1 -0.0996082 -0.0581604 -0.183796
FixedParameters: 0 0 0

#Transform 102
Transform: AffineTransform_float_3_3
Parameters: 0.999999 -0.000750105 0.000244677 0.000749894 0.999999 0.000431183 -0.000244323 -0.000430817 1 -0.173277 -0.120951 -0.14562
FixedParameters: 0 0 0

#Transform 103
Transform: AffineTransform_float_3_3
Parameters: 1 -0.000458031 0.000244941 0.000457969 1 0.000128112 -0.000245059 -0.000127888 1 -0.0316736 -0.0432759 -0.00553086
FixedParameters: 0 0 0

#Transform 104
Transform: AffineTransform_float_3_3
Parameters: 0.999999 -0.000750033 3.83655e-05 0.000749968 1 0.000846029 -3.86345e-05 -0.000845971 0.999999 -0.22614 -0.0945801 -0.338004
FixedParameters: 0 0 0

#Transform 105
Transform: AffineTransform_float_3_3
Parameters: 0.999999 -0.000750105 0.000164523 0.000749895 1 0.000636124 -0.000165477 -0.000635876 1 -0.224172 0.00106621 -0.253822
FixedParameters: 0 0 0

#Transform 106
Transform: AffineTransform_float_3_3
Parameters: 0.999999 -0.000750107 0.000127373 0.000749894 1 0.000836096 -0.000127627 -0.000835905 0.999999 -0.190429 -0.00576575 -0.308503
FixedParameters: 0 0 0

#Transform 107
Transform: AffineTransform_float_3_3
Parameters: 0.999999 -0.000750247 0.000244242 0.000749753 0.999999 0.00101018 -0.000244757 -0.00100982 1 -0.169235 0.00266266 -0.356136
FixedParameters: 0 0 0

#Transform 108
Transform: AffineTransform_float_3_3
Parameters: 1 -0.000411052 0.000244912 0.000410947 1 0.000214101 -0.000245088 -0.000213899 1 -0.0517507 -0.00845183 -0.0485779
FixedParameters: 0 0 0

#Transform 109
Transform: AffineTransform_float_3_3
Parameters: 0.999999 -0.000750517 0.000385996 0.000749482 0.999999 0.00133829 -0.000387004 -0.00133871 0.999999 -0.154093 0.0447664 -0.403535
FixedParameters: 0 0 0

#Transform 110
Transform: AffineTransform_float_3_3
Parameters: 0.999999 -0.000827311 0.000243947 0.000827688 0.999999 0.0012732 -0.000245054 -0.0012728 0.999999 -0.215866 0.0707865 -0.452321
FixedParameters: 0 0 0

#Transform 111
Transform: AffineTransform_float_3_3
Parameters: 0.999999 -0.000882236 0.000244149 0.000881764 0.999999 0.000965216 -0.000244851 -0.000964785 1 -0.226165 0.00678223 -0.348999
FixedParameters: 0 0 0

#Transform 112
Transform: AffineTransform_float_3_3
Parameters: 1 -0.00117394 -6.01575e-05 0.00117406 0.999999 0.000985929 5.88424e-05 -0.000986069 0.999999 -0.423092 -0.126157 -0.418325
FixedParameters: 0 0 0

#Transform 113
Transform: AffineTransform_float_3_3
Parameters: 1 -0.00117384 -0.000122566 0.00117416 0.999999 0.00133386 0.000120435 -0.00133314 0.999999 -0.439045 -0.0046227 -0.584083
FixedParameters: 0 0 0

#Transform 114
Transform: AffineTransform_float_3_3
Parameters: 1 -0.00117426 0.000243775 0.00117375 0.999999 0.00104329 -0.000244226 -0.00104371 1 -0.345543 -0.119307 -0.342603
FixedParameters: 0 0 0

#Transform 115
Transform: AffineTransform_float_3_3
Parameters: 1 -0.00117403 2.98224e-05 0.00117397 0.999999 0.00100304 -3.11775e-05 -0.00100296 0.999999 -0.394384 -0.109875 -0.386415
FixedParameters: 0 0 0

#Transform 116
Transform: AffineTransform_float_3_3
Parameters: 0.999999 -0.000759107 0.000244666 0.000758892 0.999999 0.000440186 -0.000244334 -0.000439814 1 -0.162995 -0.0767068 -0.0751944
FixedParameters: 0 0 0

#Transform 117
Transform: AffineTransform_float_3_3
Parameters: 0.999999 -0.00127434 0.000243229 0.00127366 0.999998 0.00139031 -0.00024477 -0.00138969 0.999999 -0.374727 -0.0885466 -0.395269
FixedParameters: 0 0 0

#Transform 118
Transform: AffineTransform_float_3_3
Parameters: 1 -0.000527918 0.000428101 0.000528081 1 -0.000190774 -0.000427899 0.000190226 1 -0.0502404 -0.141738 0.216176
FixedParameters: 0 0 0

#Transform 119
Transform: AffineTransform_float_3_3
Parameters: 1 -0.000947522 0.00049392 0.000947479 0.999999 -0.000969533 -0.000493081 0.000970468 1 -0.196972 -0.623827 0.647375
FixedParameters: 0 0 0

#Transform 120
Transform: AffineTransform_float_3_3
Parameters: 1 -0.000580489 0.000843353 0.000580511 0.999999 -0.000606511 -0.000842649 0.00060649 1 0.0745513 -0.354383 0.583447
FixedParameters: 0 0 0

#Transform 121
Transform: AffineTransform_float_3_3
Parameters: 1 -0.000304877 0.000429087 0.000305123 1 -0.000286869 -0.000428912 0.000287131 1 0.0813179 -0.323762 0.314321
FixedParameters: 0 0 0

#Transform 122
Transform: AffineTransform_float_3_3
Parameters: 1 -0.000427643 0.000449339 0.000428356 0.999999 -0.000793807 -0.00044866 0.000794191 0.999999 0.028607 -0.283223 0.464769
FixedParameters: 0 0 0

#Transform 123
Transform: AffineTransform_float_3_3
Parameters: 0.999999 -0.000694068 0.00014367 0.000693931 0.999999 0.0004761 -0.00014433 -0.0004759 1 -0.131186 -0.181447 -0.139551
FixedParameters: 0 0 0

#Transform 124
Transform: AffineTransform_float_3_3
Parameters: 1 -0.000694004 3.30946e-06 0.000693997 1 0.000995002 -3.69053e-06 -0.000994997 0.999999 -0.201747 0.0229713 -0.417836
FixedParameters: 0 0 0

#Transform 125
Transform: AffineTransform_float_3_3
Parameters: 1 -0.00062326 0.000244338 0.00062274 0.999999 0.00106315 -0.000244662 -0.00106285 1 -0.111248 0.0637744 -0.385853
FixedParameters: 0 0 0

#Transform 126
Transform: AffineTransform_float_3_3
Parameters: 0.999999 -0.000694161 0.000244542 0.000693838 0.999999 0.000660169 -0.000244458 -0.00065983 1 -0.140138 -0.0390524 -0.243711
FixedParameters: 0 0 0

#Transform 127
Transform: AffineTransform_float_3_3
Parameters: 1 -0.000438221 0.000244604 0.000437779 1 0.000904107 -0.000244396 -0.000903893 0.999999 -0.0447236 0.0886188 -0.319694
FixedParameters: 0 0 0

#Transform 128
Transform: AffineTransform_float_3_3
Parameters: 0.999999 -0.000694132 0.000154409 0.000693869 1 0.000852107 -0.000154591 -0.000851893 0.999999 -0.163161 -0.0100209 -0.341603
FixedParameters: 0 0 0

#Transform 129
Transform: AffineTransform_float_3_3
Parameters: 1 -0.000571175 0.000244591 0.000570825 0.999999 0.000716139 -0.000244409 -0.00071586 0.999999 -0.0900215 0.0607533 -0.245845
FixedParameters: 0 0 0

#Transform 130
Transform: AffineTransform_float_3_3
Parameters: 0.999999 -0.000694477 0.000243643 0.000693524 0.999998 0.00195417 -0.000244356 -0.00195383 0.999998 -0.14045 0.229628 -0.751649
FixedParameters: 0 0 0

#Transform 131
Transform: AffineTransform_float_3_3
Parameters: 1 -0.000310364 0.000244538 0.000309637 0.999999 0.00148808 -0.000244461 -0.00148792 0.999999 0.0163997 0.356455 -0.611895
FixedParameters: 0 0 0

#Transform 132
Transform: AffineTransform_float_3_3
Parameters: 1 -0.000694093 5.07368e-05 0.000693906 0.999998 0.00182004 -5.2263e-05 -0.00181996 0.999999 -0.180019 0.263806 -0.767518
FixedParameters: 0 0 0

#Transform 133
Transform: AffineTransform_float_3_3
Parameters: 1 -0.00069401 4.61476e-06 0.000693988 0.999998 0.001996 -6.38521e-06 -0.001996 0.999998 -0.182095 0.326753 -0.859593
FixedParameters: 0 0 0

#Transform 134
Transform: AffineTransform_float_3_3
Parameters: 0.999999 -0.000694378 0.000243925 0.000693621 0.999998 0.00154817 -0.000245074 -0.00154783 0.999999 -0.1398 0.233912 -0.597486
FixedParameters: 0 0 0

#Transform 135
Transform: AffineTransform_float_3_3
Parameters: 1 -0.00109418 9.9023e-05 0.00109482 0.999998 0.00180711 -0.000100979 -0.00180689 0.999999 -0.321441 0.101129 -0.73382
FixedParameters: 0 0 0

#Transform 136
Transform: AffineTransform_float_3_3
Parameters: 1 -0.00109422 0.000244016 0.00109478 0.999999 0.000899267 -0.000244984 -0.000898732 0.999999 -0.284371 -0.130194 -0.30434
FixedParameters: 0 0 0

#Transform 137
Transform: AffineTransform_float_3_3
Parameters: 1 -0.00054714 0.000244685 0.000546859 0.999999 0.000575134 -0.000244314 -0.000574866 1 -0.0730203 0.0256773 -0.191497
FixedParameters: 0 0 0

#Transform 138
Transform: AffineTransform_float_3_3
Parameters: 1 -0.000889272 0.000300197 0.000888729 0.999999 0.000903267 -0.000300803 -0.000902733 0.999999 -0.186465 -0.0282177 -0.234253
FixedParameters: 0 0 0

#Transform 139
Transform: AffineTransform_float_3_3
Parameters: 1 -0.0010943 0.000243673 0.0010947 0.999998 0.00121327 -0.000244328 -0.00121273 0.999999 -0.28443 -0.0794912 -0.319163
FixedParameters: 0 0 0

#Transform 140
Transform: AffineTransform_float_3_3
Parameters: 1 -0.00109411 0.000110957 0.00109489 0.999999 0.000953122 -0.000112043 -0.000952878 0.999999 -0.335173 -0.0575955 -0.324916
FixedParameters: 0 0 0

#Transform 141
Transform: AffineTransform_float_3_3
Parameters: 1 -0.000864873 0.000245447 0.000864127 0.999999 -0.000516788 -0.000244553 0.000517211 1 -0.22607 -0.372765 0.314294
FixedParameters: 0 0 0

#Transform 142
Transform: AffineTransform_float_3_3
Parameters: 1 -0.00109392 0.000245347 0.00109408 1 -0.000316732 -0.000244653 0.000317268 1 -0.318771 -0.536954 0.232614
FixedParameters: 0 0 0

#Transform 143
Transform: AffineTransform_float_3_3
Parameters: 1 -0.000663086 0.000757925 0.000662914 1 0.000113502 -0.000758075 -0.000112497 0.999999 -0.0306597 -0.226984 0.271333
FixedParameters: 0 0 0

#Transform 144
Transform: AffineTransform_float_3_3
Parameters: 1 -0.00113929 0.000243652 0.00113871 0.999998 0.00118328 -0.000244347 -0.00118272 1 -0.330629 -0.15864 -0.355662
FixedParameters: 0 0 0

#Transform 145
Transform: AffineTransform_float_3_3
Parameters: 0.999999 -0.000568963 0.000701029 0.000569036 1 -5.16011e-05 -0.00070097 5.23988e-05 1 0.0190099 -0.091518 0.221323
FixedParameters: 0 0 0

#Transform 146
Transform: AffineTransform_float_3_3
Parameters: 1 -0.00117411 0.0002445 0.0011739 0.999999 0.000426287 -0.000244501 -0.000426713 1 -0.326128 -0.352392 -0.108851
FixedParameters: 0 0 0

#Transform 147
Transform: AffineTransform_float_3_3
Parameters: 1 -0.000590009 0.000244979 0.000589991 1 3.51445e-05 -0.000245021 -3.58554e-05 1 -0.0939652 -0.082788 0.0342461
FixedParameters: 0 0 0

#Transform 148
Transform: AffineTransform_float_3_3
Parameters: 0.999999 -0.000959678 -0.000187652 0.000960322 0.999998 0.00172082 0.000186348 -0.00172018 0.999998 -0.366169 0.0361588 -0.772301
FixedParameters: 0 0 0

#Transform 149
Transform: AffineTransform_float_3_3
Parameters: 1 -0.000433488 0.000481561 0.000432512 1 0.00101321 -0.000482438 -0.00101279 1 -0.000761955 0.234111 -0.351182
FixedParameters: 0 0 0

#Transform 150
Transform: AffineTransform_float_3_3
Parameters: 1 -0.000641377 0.000232964 0.000640622 0.999998 0.00161615 -0.000234035 -0.00161585 0.999998 -0.124705 0.229533 -0.627799
FixedParameters: 0 0 0

#Transform 151
Transform: AffineTransform_float_3_3
Parameters: 1 -0.000606404 0.000287148 0.000605596 0.999999 0.00140517 -0.000287851 -0.00140483 0.999999 -0.118237 0.230359 -0.573048
FixedParameters: 0 0 0

#Transform 152
Transform: AffineTransform_float_3_3
Parameters: 0.999999 -0.000925804 -0.000186969 0.000926195 0.999999 0.00104683 0.00018603 -0.00104717 1 -0.301968 -0.0138494 -0.526916
FixedParameters: 0 0 0

#Transform 153
Transform: AffineTransform_float_3_3
Parameters: 0.999999 -0.00128778 -0.000117422 0.00128822 0.999998 0.00188085 0.000114577 -0.00188115 0.999998 -0.430122 0.0631826 -0.816507
FixedParameters: 0 0 0

#Transform 154
Transform: AffineTransform_float_3_3
Parameters: 0.999999 -0.000979265 0.000173508 0.000979734 0.999999 0.00152417 -0.000175493 -0.00152383 0.999999 -0.245039 0.175542 -0.623704
FixedParameters: 0 0 0

#Transform 155
Transform: AffineTransform_float_3_3
Parameters: 0.999999 -0.00134388 -5.60077e-05 0.00134412 0.999996 0.00223793 5.2992e-05 -0.00223807 0.999998 -0.452469 0.174393 -0.936383
FixedParameters: 0 0 0

#Transform 156
Transform: AffineTransform_float_3_3
Parameters: 1 -0.00117408 3.86049e-05 0.00117392 0.999997 0.00204005 -4.13949e-05 -0.00203995 0.999998 -0.365443 0.215122 -0.851232
FixedParameters: 0 0 0

#Transform 157
Transform: AffineTransform_float_3_3
Parameters: 1 -0.00117424 0.000103291 0.00117376 0.999996 0.00230712 -0.000105708 -0.00230688 0.999998 -0.342593 0.26473 -0.925611
FixedParameters: 0 0 0

#Transform 158
Transform: AffineTransform_float_3_3
Parameters: 1 -0.00117447 0.000212432 0.00117353 0.999997 0.00218725 -0.000214567 -0.00218675 0.999997 -0.332876 0.282384 -0.881166
FixedParameters: 0 0 0

#Transform 159
Transform: AffineTransform_float_3_3
Parameters: 1 -0.00117452 0.00022427 0.00117348 0.999996 0.00232526 -0.000226729 -0.00232474 0.999998 -0.329846 0.237094 -0.873729
FixedParameters: 0 0 0

#Transform 160
Transform: AffineTransform_float_3_3
Parameters: 0.999998 -0.00157143 0.000189499 0.00157057 0.999997 0.0022283 -0.000193501 -0.0022287 0.999997 -0.500515 0.0853356 -0.815654
FixedParameters: 0 0 0

#Transform 161
Transform: AffineTransform_float_3_3
Parameters: 0.999999 -0.00117477 0.000406787 0.00117423 0.999998 0.00188448 -0.000409214 -0.00188452 0.999998 -0.283412 0.185619 -0.664581
FixedParameters: 0 0 0

#Transform 162
Transform: AffineTransform_float_3_3
Parameters: 1 -0.00117445 0.000252906 0.00117355 0.999997 0.0017833 -0.000255093 -0.0017827 0.999999 -0.322431 0.0656627 -0.620104
FixedParameters: 0 0 0

#Transform 163
Transform: AffineTransform_float_3_3
Parameters: 1 -0.000574241 0.000285516 0.00057376 1 0.000843164 -0.000285484 -0.000842836 0.999999 -0.0969278 0.12193 -0.277837
FixedParameters: 0 0 0

#Transform 164
Transform: AffineTransform_float_3_3
Parameters: 0.999999 -0.00127892 0.000899276 0.00127708 0.999997 0.00213215 -0.000901725 -0.00213185 0.999998 -0.189472 0.11949 -0.444231
FixedParameters: 0 0 0

#Transform 165
Transform: AffineTransform_float_3_3
Parameters: 0.999999 -0.00143038 0.000236724 0.00143062 0.999997 0.00159134 -0.000239278 -0.00159166 0.999998 -0.421142 -0.119432 -0.444224
FixedParameters: 0 0 0

#Transform 166
Transform: AffineTransform_float_3_3
Parameters: 0.999999 -0.00137043 0.000527895 0.00137057 0.999998 0.000806724 -0.000529105 -0.000806275 0.999999 -0.367437 -0.255268 -0.0115723
FixedParameters: 0 0 0

#Transform 167
Transform: AffineTransform_float_3_3
Parameters: 0.999999 -0.00145287 0.000429073 0.00145113 0.999997 0.00201562 -0.000431926 -0.00201537 0.999998 -0.416644 -0.144529 -0.562161
FixedParameters: 0 0 0

#Transform 168
Transform: AffineTransform_float_3_3
Parameters: 0.999999 -0.000989318 0.00117089 0.000987681 0.999999 0.00112616 -0.00117211 -0.00112484 0.999998 -0.0655048 0.0185905 -0.0691959
FixedParameters: 0 0 0

#Transform 169
Transform: AffineTransform_float_3_3
Parameters: 0.999999 -0.00137094 0.000392746 0.00137006 0.999996 0.00237454 -0.000396255 -0.00237446 0.999997 -0.392815 0.0713133 -0.789089
FixedParameters: 0 0 0

#Transform 170
Transform: AffineTransform_float_3_3
Parameters: 1 -0.000922805 0.000691928 0.000921196 0.999999 0.00116264 -0.000692071 -0.00116136 0.999999 -0.16935 0.120022 -0.266903
FixedParameters: 0 0 0

#Transform 171
Transform: AffineTransform_float_3_3
Parameters: 0.999999 -0.00137115 0.000526024 0.00137085 0.999996 0.00217172 -0.000528978 -0.00217128 0.999998 -0.359297 0.0524158 -0.689313
FixedParameters: 0 0 0

#Transform 172
Transform: AffineTransform_float_3_3
Parameters: 0.999999 -0.0013199 -4.97679e-05 0.0013201 0.999997 0.00209694 4.72318e-05 -0.00209706 0.999998 -0.46823 0.0692715 -0.848605
FixedParameters: 0 0 0

#Transform 173
Transform: AffineTransform_float_3_3
Parameters: 1 -0.000774133 0.000936065 0.000772868 0.999999 0.00120972 -0.000936936 -0.00120928 0.999999 -0.0237152 0.156907 -0.216256
FixedParameters: 0 0 0

#Transform 174
Transform: AffineTransform_float_3_3
Parameters: 0.999999 -0.00145461 0.000234265 0.00145439 0.999995 0.00256834 -0.000238735 -0.00256765 0.999996 -0.430186 0.139989 -0.886128
FixedParameters: 0 0 0

#Transform 175
Transform: AffineTransform_float_3_3
Parameters: 0.999999 -0.00183706 2.12696e-05 0.00183794 0.999995 0.00257504 -2.67327e-05 -0.00257495 0.999996 -0.640695 0.0292246 -0.951217
FixedParameters: 0 0 0

#Transform 176
Transform: AffineTransform_float_3_3
Parameters: 0.999999 -0.00183757 0.000233563 0.00183743 0.999996 0.00241543 -0.000238438 -0.00241457 0.999997 -0.608111 0.00621374 -0.823542
FixedParameters: 0 0 0

#Transform 177
Transform: AffineTransform_float_3_3
Parameters: 0.999999 -0.00183727 9.49349e-05 0.00183773 0.999994 0.00275718 -0.000100069 -0.00275782 0.999996 -0.618018 0.0772243 -0.984065
FixedParameters: 0 0 0

#Transform 178
Transform: AffineTransform_float_3_3
Parameters: 0.999999 -0.00133721 0.000622413 0.00133579 0.999997 0.00193583 -0.000624587 -0.00193517 0.999998 -0.313095 0.0821439 -0.552776
FixedParameters: 0 0 0

#Transform 179
Transform: AffineTransform_float_3_3
Parameters: 0.999999 -0.0018376 0.00023336 0.0018374 0.999995 0.00252543 -0.00023864 -0.00252457 0.999997 -0.5867 0.0165222 -0.830278
FixedParameters: 0 0 0

#Transform 180
Transform: AffineTransform_float_3_3
Parameters: 0.999999 -0.00183749 0.000183166 0.00183751 0.999995 0.00263134 -0.000188835 -0.00263066 0.999996 -0.599514 0.0676936 -0.871422
FixedParameters: 0 0 0

#Transform 181
Transform: AffineTransform_float_3_3
Parameters: 0.999998 -0.00158123 0.000119985 0.00158177 0.999997 0.00190719 -0.000123018 -0.00190781 0.999998 -0.533978 -0.0108463 -0.677335
FixedParameters: 0 0 0

#Transform 182
Transform: AffineTransform_float_3_3
Parameters: 0.999999 -0.00150823 0.00023651 0.00150777 0.999999 0.000988359 -0.00023849 -0.000987642 1 -0.488296 -0.25442 -0.287939
FixedParameters: 0 0 0

#Transform 183
Transform: AffineTransform_float_3_3
Parameters: 0.999999 -0.00143881 0.000291916 0.00143919 0.999999 -0.00063658 -0.000291084 0.000636419 1 -0.460905 -0.548042 0.390945
FixedParameters: 0 0 0

#Transform 184
Transform: AffineTransform_float_3_3
Parameters: 0.999998 -0.00151369 0.000524014 0.00151331 0.999998 0.00131279 -0.000525985 -0.00131121 0.999999 -0.421736 -0.248461 -0.266305
FixedParameters: 0 0 0

#Transform 185
Transform: AffineTransform_float_3_3
Parameters: 1 -0.000659637 0.00080548 0.000659364 1 0.000789532 -0.000806522 -0.000789469 1 -0.0580624 0.0653372 -0.0563716
FixedParameters: 0 0 0

#Transform 186
Transform: AffineTransform_float_3_3
Parameters: 0.999999 -0.00115445 0.00100048 0.00115355 0.999999 0.000451155 -0.00100152 -0.000450845 1 -0.172564 -0.260712 0.129613
FixedParameters: 0 0 0

#Transform 187
Transform: AffineTransform_float_3_3
Parameters: 1 -0.00109035 0.000236396 0.00108965 0.999999 0.00147126 -0.000238603 -0.00147074 0.999999 -0.366173 0.0820594 -0.558949
FixedParameters: 0 0 0

#Transform 188
Transform: AffineTransform_float_3_3
Parameters: 1 -0.000682281 0.000989117 0.000680717 0.999999 0.00129567 -0.000990882 -0.00129432 0.999998 -0.0182128 0.162155 -0.250925
FixedParameters: 0 0 0

#Transform 189
Transform: AffineTransform_float_3_3
Parameters: 0.999999 -0.000865441 0.000491224 0.000865559 0.999999 0.000897426 -0.000491776 -0.000896575 1 -0.206852 -0.0160489 -0.270841
FixedParameters: 0 0 0

#Transform 190
Transform: AffineTransform_float_3_3
Parameters: 1 -0.00090757 0.000813251 0.000906431 0.999997 0.00192874 -0.00081475 -0.00192826 0.999998 -0.1262 0.259752 -0.572021
FixedParameters: 0 0 0

#Transform 191
Transform: AffineTransform_float_3_3
Parameters: 0.999999 -0.000892251 0.000843678 0.000890749 0.999998 0.00148275 -0.000844321 -0.00148125 0.999998 -0.112106 0.139409 -0.427515
FixedParameters: 0 0 0

#Transform 192
Transform: AffineTransform_float_3_3
Parameters: 1 -0.000611953 0.000864326 0.000611048 0.999999 0.00110253 -0.000864674 -0.00110147 0.999999 0.0075143 0.200823 -0.250343
FixedParameters: 0 0 0

#Transform 193
Transform: AffineTransform_float_3_3
Parameters: 1 -0.00109066 0.000234969 0.00109034 0.999995 0.00278026 -0.000238032 -0.00277974 0.999996 -0.318254 0.354874 -1.10483
FixedParameters: 0 0 0

#Transform 194
Transform: AffineTransform_float_3_3
Parameters: 1 -0.00109064 0.000235069 0.00109036 0.999996 0.00268826 -0.000238932 -0.00268774 0.999997 -0.318353 0.446831 -1.10518
FixedParameters: 0 0 0

#Transform 195
Transform: AffineTransform_float_3_3
Parameters: 1 -0.000883745 0.000798073 0.000881256 0.999997 0.00218371 -0.000799927 -0.0021833 0.999998 -0.116081 0.404385 -0.692816
FixedParameters: 0 0 0

#Transform 196
Transform: AffineTransform_float_3_3
Parameters: 0.999999 -0.00109244 0.000796668 0.00109056 0.999994 0.00305387 -0.000799334 -0.00305313 0.999995 -0.152984 0.448879 -1.00324
FixedParameters: 0 0 0

#Transform 197
Transform: AffineTransform_float_3_3
