# transform file /out/sourcedata/freesurfer/sub-v1s0x0050664_ses-1/mri/transforms/cc_up.lta
# created by oesteban on Wed Mar 11 22:42:06 2026

type      = 0 # LINEAR_VOX_TO_VOX
nxforms   = 1
mean      = 130.0000 107.0000 115.0000
sigma     = 10000.0000
1 4 4
9.995056390762329e-01 2.189130894839764e-02 -2.256657555699348e-02 -2.765485048294067e-01 
-2.188573032617569e-02 9.997603893280029e-01 4.941302468068898e-04 4.280961227416992e+01 
2.257198281586170e-02 5.820766091346741e-11 9.997451901435852e-01 1.709651565551758e+01 
0.000000000000000e+00 0.000000000000000e+00 0.000000000000000e+00 1.000000000000000e+00 
src volume info
valid = 1  # volume info valid
filename = /out/sourcedata/freesurfer/sub-v1s0x0050664_ses-1/mri/norm.mgz
volume = 256 256 256
voxelsize = 1.000000000000000e+00 1.000000000000000e+00 1.000000000000000e+00
xras   = -1.000000000000000e+00 0.000000000000000e+00 0.000000000000000e+00
yras   = 0.000000000000000e+00 0.000000000000000e+00 -1.000000000000000e+00
zras   = 0.000000000000000e+00 1.000000000000000e+00 0.000000000000000e+00
cras   = 7.737289428710938e+00 -1.300000000000000e+01 2.721064758300781e+01
dst volume info
valid = 1  # volume info valid
filename = /out/sourcedata/freesurfer/sub-v1s0x0050664_ses-1/mri/norm.mgz
volume = 256 256 256
voxelsize = 1.000000000000000e+00 1.000000000000000e+00 1.000000000000000e+00
xras   = -1.000000000000000e+00 0.000000000000000e+00 0.000000000000000e+00
yras   = 0.000000000000000e+00 0.000000000000000e+00 -1.000000000000000e+00
zras   = 0.000000000000000e+00 1.000000000000000e+00 0.000000000000000e+00
cras   = 7.737289428710938e+00 -1.300000000000000e+01 2.721064758300781e+01
