# transform file /out/sourcedata/freesurfer/sub-v1s0x0050665_ses-1/mri/transforms/cc_up.lta
# created by oesteban on Wed Mar 11 23:14:08 2026

type      = 0 # LINEAR_VOX_TO_VOX
nxforms   = 1
mean      = 127.0000 110.0000 117.0000
sigma     = 10000.0000
1 4 4
9.981346726417542e-01 -3.275163099169731e-02 -5.151965096592903e-02 1.155136299133301e+01 
3.270808607339859e-02 9.994634389877319e-01 -1.688258373178542e-03 3.213468551635742e+01 
5.154730379581451e-02 1.164153079491470e-10 9.986703991889954e-01 1.168412494659424e+01 
0.000000000000000e+00 0.000000000000000e+00 0.000000000000000e+00 1.000000000000000e+00 
src volume info
valid = 1  # volume info valid
filename = /out/sourcedata/freesurfer/sub-v1s0x0050665_ses-1/mri/norm.mgz
volume = 256 256 256
voxelsize = 1.000000000000000e+00 1.000000000000000e+00 1.000000000000000e+00
xras   = -1.000000000000000e+00 0.000000000000000e+00 0.000000000000000e+00
yras   = 0.000000000000000e+00 0.000000000000000e+00 -1.000000000000000e+00
zras   = 0.000000000000000e+00 1.000000000000000e+00 0.000000000000000e+00
cras   = 2.815979003906250e+00 -5.550842285156250e+00 2.201695251464844e+01
dst volume info
valid = 1  # volume info valid
filename = /out/sourcedata/freesurfer/sub-v1s0x0050665_ses-1/mri/norm.mgz
volume = 256 256 256
voxelsize = 1.000000000000000e+00 1.000000000000000e+00 1.000000000000000e+00
xras   = -1.000000000000000e+00 0.000000000000000e+00 0.000000000000000e+00
yras   = 0.000000000000000e+00 0.000000000000000e+00 -1.000000000000000e+00
zras   = 0.000000000000000e+00 1.000000000000000e+00 0.000000000000000e+00
cras   = 2.815979003906250e+00 -5.550842285156250e+00 2.201695251464844e+01
